"quadD_9" (4096)
Sun Jun  3 22:44:24 2007
 2
1 long 
("nero.quadrantD.8.energy")
(0 4095) 
--------------------------------------------
(96) 50
(97) 46
(98) 35
(99) 34
(100) 32
(101) 23
(102) 16
(103) 18
(104) 25
(105) 22
(106) 21
(107) 10
(108) 18
(109) 11
(110) 20
(111) 7
(112) 10
(113) 10
(114) 12
(115) 7
(116) 16
(117) 9
(118) 10
(119) 9
(120) 10
(121) 4
(122) 11
(123) 6
(124) 13
(125) 6
(126) 7
(127) 7
(128) 6
(129) 6
(130) 11
(131) 6
(132) 7
(133) 5
(134) 7
(135) 5
(136) 9
(137) 5
(138) 4
(139) 2
(140) 5
(141) 5
(142) 4
(143) 6
(144) 4
(145) 5
(146) 6
(147) 3
(148) 1
(149) 2
(150) 6
(151) 5
(152) 2
(153) 2
(155) 4
(156) 4
(157) 3
(158) 3
(160) 3
(161) 4
(164) 2
(165) 2
(166) 4
(167) 1
(168) 1
(170) 3
(171) 3
(172) 1
(173) 2
(174) 1
(175) 2
(176) 2
(178) 1
(179) 1
(183) 1
(184) 1
(186) 1
(188) 2
(191) 1
(192) 1
(199) 1
(201) 1
(207) 1
(230) 1
(231) 1
(241) 1
(270) 2
(292) 1
(295) 1
(298) 1
(311) 1
(316) 1
(319) 1
(321) 1
(328) 1
(329) 1
(331) 1
(332) 1
(336) 2
(340) 1
(342) 1
(346) 1
(347) 1
(349) 1
(371) 1
(373) 1
(375) 1
(378) 1
(381) 1
(386) 2
(387) 1
(393) 1
(395) 1
(397) 1
(400) 2
(402) 1
(408) 1
(410) 1
(416) 2
(419) 2
(424) 1
(428) 1
(430) 1
(431) 1
(436) 1
(440) 1
(444) 1
(453) 1
(461) 2
(462) 2
(468) 2
(477) 1
(481) 1
(485) 1
(486) 1
(491) 1
(492) 1
(494) 1
(495) 1
(507) 1
(518) 1
(520) 1
(522) 1
(554) 1
(609) 1
(814) 1
(849) 1
(994) 1
(1000) 1
(1003) 1
(1013) 1
(1044) 1
(1049) 1
(1059) 1
(1062) 1
(1066) 1
(1070) 1
(1074) 1
(1075) 1
(1076) 3
(1077) 3
(1081) 1
(1083) 1
(1090) 1
(1099) 1
(1106) 1
(1107) 1
(1114) 1
(1115) 1
(1127) 1
(1129) 1
(1130) 1
(1131) 1
(1135) 1
(1138) 1
(1139) 1
(1143) 1
(1149) 1
(1152) 2
(1171) 1
(1173) 1
(1178) 1
(1186) 1
(1206) 1
(1212) 1
(1227) 1
(1228) 1
(1246) 1
(1252) 1
(1266) 1
(1278) 1
(1285) 1
(1293) 1
(1294) 1
(1304) 2
(1308) 1
(1310) 1
(1315) 1
(1318) 1
(1325) 1
(1330) 1
(1331) 1
(1336) 1
(1337) 1
(1356) 1
(1370) 1
(1381) 1
(1386) 1
(1391) 1
(1396) 1
(1425) 1
(1431) 1
(1434) 1
(1437) 1
(1443) 1
(1444) 1
(1454) 1
(1461) 1
(1490) 2
(1501) 1
(1507) 1
(1508) 1
(1519) 1
(1536) 1
(1557) 1
(1572) 1
(1594) 1
(1644) 2
(1686) 1
(1718) 1
(1730) 1
(1750) 1
(1796) 1
(1800) 1
(2046) 1
(-1) -1
