"quadD_16" (4096)
Sun Jun  3 22:43:48 2007
 2
1 long 
("nero.quadrantD.15.energy")
(0 4095) 
--------------------------------------------
(80) 11384
(81) 10619
(82) 9915
(83) 8997
(84) 8151
(85) 7297
(86) 6515
(87) 5751
(88) 5120
(89) 4439
(90) 3745
(91) 3230
(92) 2670
(93) 2232
(94) 1862
(95) 1525
(96) 1322
(97) 1037
(98) 838
(99) 714
(100) 614
(101) 482
(102) 378
(103) 319
(104) 253
(105) 209
(106) 178
(107) 144
(108) 110
(109) 89
(110) 76
(111) 79
(112) 60
(113) 50
(114) 42
(115) 34
(116) 27
(117) 21
(118) 33
(119) 30
(120) 23
(121) 22
(122) 14
(123) 11
(124) 21
(125) 24
(126) 13
(127) 10
(128) 17
(129) 12
(130) 16
(131) 10
(132) 8
(133) 9
(134) 10
(135) 8
(136) 12
(137) 6
(138) 17
(139) 11
(140) 9
(141) 10
(142) 8
(143) 6
(144) 7
(145) 6
(146) 13
(147) 5
(148) 10
(149) 14
(150) 8
(151) 4
(152) 7
(153) 11
(154) 10
(155) 7
(156) 8
(157) 4
(158) 10
(159) 7
(160) 6
(161) 9
(162) 2
(163) 3
(164) 9
(165) 3
(166) 5
(167) 4
(168) 4
(169) 4
(170) 7
(171) 8
(172) 6
(173) 4
(174) 5
(175) 5
(176) 2
(177) 10
(178) 4
(179) 2
(180) 2
(181) 3
(182) 1
(183) 3
(184) 2
(185) 5
(186) 4
(187) 3
(188) 3
(189) 3
(190) 2
(192) 1
(193) 3
(194) 2
(195) 3
(196) 2
(197) 2
(198) 2
(199) 3
(200) 3
(201) 1
(202) 2
(203) 1
(204) 4
(206) 4
(207) 2
(208) 1
(209) 2
(210) 1
(213) 3
(216) 1
(217) 2
(218) 1
(220) 2
(221) 1
(222) 3
(223) 1
(224) 2
(225) 1
(227) 1
(228) 2
(229) 2
(230) 1
(231) 2
(232) 2
(233) 1
(235) 1
(236) 2
(239) 2
(241) 1
(245) 3
(247) 1
(248) 1
(249) 1
(250) 1
(251) 1
(252) 1
(253) 2
(254) 1
(256) 2
(257) 1
(259) 1
(260) 1
(263) 3
(265) 2
(266) 2
(267) 1
(271) 1
(273) 1
(274) 2
(277) 2
(278) 2
(279) 1
(280) 1
(282) 1
(284) 1
(285) 2
(286) 2
(288) 1
(290) 2
(292) 2
(293) 1
(295) 1
(296) 2
(297) 1
(300) 1
(301) 3
(303) 1
(304) 3
(305) 3
(306) 1
(307) 1
(308) 1
(309) 1
(310) 1
(312) 2
(313) 2
(314) 2
(315) 2
(316) 3
(317) 2
(318) 1
(319) 1
(322) 3
(324) 1
(325) 2
(326) 1
(327) 2
(328) 1
(330) 1
(332) 2
(333) 2
(335) 1
(336) 1
(339) 1
(341) 1
(342) 1
(344) 2
(345) 1
(346) 1
(348) 3
(350) 5
(351) 2
(352) 1
(353) 1
(354) 3
(355) 4
(358) 1
(359) 3
(361) 3
(362) 1
(363) 2
(364) 2
(365) 1
(367) 3
(368) 2
(369) 1
(371) 1
(372) 1
(373) 2
(374) 3
(375) 1
(376) 2
(377) 1
(378) 2
(379) 1
(380) 5
(382) 3
(383) 3
(384) 4
(385) 1
(388) 3
(389) 3
(390) 3
(391) 3
(392) 4
(393) 2
(394) 4
(395) 2
(396) 4
(397) 5
(398) 1
(399) 3
(400) 1
(401) 4
(402) 4
(403) 2
(404) 5
(405) 4
(406) 3
(407) 4
(408) 4
(409) 5
(410) 8
(411) 2
(412) 5
(413) 9
(414) 5
(415) 4
(416) 4
(417) 6
(419) 4
(420) 7
(421) 4
(422) 5
(423) 5
(424) 4
(425) 3
(426) 4
(427) 4
(428) 7
(429) 5
(430) 6
(431) 8
(432) 9
(433) 4
(434) 5
(435) 6
(436) 4
(437) 2
(438) 4
(439) 7
(440) 6
(441) 6
(442) 8
(443) 5
(444) 3
(445) 8
(446) 2
(447) 5
(448) 7
(449) 6
(450) 3
(451) 7
(452) 4
(453) 7
(454) 4
(455) 5
(456) 4
(457) 5
(458) 8
(459) 4
(460) 5
(461) 7
(462) 4
(463) 6
(464) 9
(465) 2
(466) 11
(467) 2
(468) 5
(469) 2
(470) 7
(471) 6
(472) 7
(473) 10
(474) 8
(475) 7
(476) 4
(477) 4
(478) 7
(479) 6
(480) 7
(481) 6
(482) 5
(483) 5
(484) 7
(485) 7
(486) 11
(487) 4
(488) 6
(489) 5
(490) 4
(491) 3
(492) 3
(493) 5
(494) 3
(495) 6
(496) 6
(497) 8
(498) 6
(499) 3
(500) 8
(501) 8
(502) 6
(503) 4
(504) 7
(505) 5
(506) 1
(507) 6
(508) 4
(509) 4
(510) 3
(511) 3
(512) 5
(513) 4
(514) 4
(515) 5
(516) 3
(517) 3
(518) 8
(519) 4
(520) 3
(521) 4
(522) 4
(523) 3
(524) 5
(525) 5
(526) 4
(527) 6
(528) 3
(529) 1
(530) 3
(531) 2
(532) 2
(533) 4
(534) 3
(535) 3
(536) 8
(537) 5
(538) 3
(539) 6
(541) 2
(542) 4
(543) 5
(544) 1
(545) 3
(546) 4
(547) 4
(548) 2
(549) 3
(550) 7
(551) 2
(552) 5
(553) 1
(554) 3
(555) 2
(556) 1
(557) 3
(558) 6
(559) 4
(560) 6
(561) 2
(562) 3
(563) 1
(564) 4
(566) 3
(567) 4
(568) 4
(569) 5
(570) 1
(571) 2
(572) 2
(573) 3
(574) 3
(575) 9
(576) 6
(577) 4
(578) 4
(580) 4
(581) 3
(583) 3
(584) 2
(586) 1
(587) 1
(588) 3
(589) 2
(590) 1
(591) 3
(592) 1
(593) 2
(594) 4
(595) 3
(596) 2
(597) 2
(598) 2
(599) 2
(600) 1
(601) 1
(603) 7
(605) 4
(606) 7
(608) 2
(610) 1
(611) 1
(612) 4
(614) 2
(615) 1
(616) 2
(617) 2
(619) 2
(621) 2
(622) 2
(624) 1
(627) 1
(628) 1
(629) 2
(630) 2
(632) 3
(633) 1
(635) 2
(636) 1
(637) 2
(638) 2
(642) 1
(643) 1
(644) 1
(645) 2
(648) 3
(649) 1
(650) 2
(655) 1
(656) 3
(657) 3
(658) 1
(664) 1
(665) 1
(666) 1
(667) 2
(668) 2
(670) 1
(672) 1
(673) 1
(674) 2
(675) 2
(677) 2
(680) 2
(685) 1
(686) 1
(687) 2
(690) 2
(691) 1
(692) 1
(696) 1
(698) 1
(700) 2
(701) 1
(702) 1
(703) 1
(705) 1
(706) 1
(707) 1
(711) 1
(713) 1
(714) 3
(715) 2
(717) 2
(719) 2
(724) 1
(728) 1
(729) 1
(732) 2
(734) 1
(738) 1
(739) 1
(740) 1
(743) 2
(744) 3
(748) 1
(750) 1
(751) 1
(752) 1
(756) 1
(758) 3
(761) 1
(762) 1
(765) 1
(766) 1
(767) 1
(768) 2
(772) 2
(774) 1
(775) 2
(776) 2
(777) 1
(778) 1
(780) 4
(781) 1
(784) 2
(785) 2
(787) 1
(788) 1
(789) 3
(794) 2
(795) 3
(796) 1
(797) 1
(800) 2
(801) 1
(802) 2
(807) 1
(808) 2
(809) 2
(810) 1
(811) 1
(812) 4
(813) 1
(815) 1
(818) 1
(821) 1
(822) 2
(823) 1
(826) 1
(827) 1
(828) 1
(830) 1
(833) 1
(834) 1
(837) 1
(838) 1
(840) 2
(841) 1
(844) 3
(848) 1
(849) 1
(851) 2
(852) 2
(853) 1
(855) 2
(856) 1
(858) 2
(859) 1
(861) 1
(862) 1
(866) 1
(867) 1
(869) 2
(871) 1
(874) 1
(875) 2
(876) 1
(878) 2
(880) 1
(881) 2
(882) 3
(883) 1
(885) 1
(886) 1
(887) 1
(890) 1
(891) 2
(893) 1
(895) 2
(896) 1
(898) 1
(899) 2
(902) 1
(905) 1
(908) 2
(909) 1
(910) 1
(911) 1
(912) 1
(913) 2
(914) 1
(916) 1
(920) 1
(922) 2
(924) 3
(925) 1
(929) 2
(931) 1
(932) 1
(934) 1
(935) 1
(936) 1
(938) 1
(939) 2
(940) 3
(942) 2
(945) 1
(946) 1
(947) 1
(948) 2
(949) 1
(951) 1
(954) 1
(955) 1
(956) 1
(957) 1
(961) 1
(962) 1
(963) 2
(965) 2
(967) 2
(971) 2
(973) 1
(975) 1
(976) 2
(978) 1
(983) 1
(984) 1
(985) 1
(986) 1
(987) 2
(988) 1
(990) 2
(992) 1
(994) 2
(995) 1
(996) 2
(997) 1
(999) 1
(1003) 2
(1006) 1
(1007) 1
(1008) 1
(1010) 1
(1012) 1
(1013) 1
(1014) 1
(1024) 2
(1026) 2
(1028) 2
(1029) 1
(1032) 1
(1034) 1
(1035) 2
(1037) 1
(1042) 3
(1045) 1
(1046) 2
(1047) 1
(1050) 1
(1056) 1
(1060) 2
(1062) 1
(1063) 1
(1065) 3
(1066) 1
(1069) 1
(1070) 1
(1071) 1
(1074) 1
(1075) 1
(1076) 1
(1078) 2
(1081) 1
(1083) 1
(1084) 1
(1085) 1
(1087) 1
(1088) 1
(1089) 1
(1091) 1
(1092) 1
(1093) 1
(1099) 1
(1100) 1
(1101) 1
(1103) 1
(1104) 1
(1105) 1
(1106) 1
(1107) 1
(1108) 2
(1109) 3
(1110) 1
(1111) 1
(1114) 1
(1115) 1
(1116) 2
(1117) 1
(1120) 2
(1124) 1
(1127) 2
(1129) 1
(1130) 1
(1131) 1
(1138) 1
(1142) 1
(1144) 1
(1145) 1
(1154) 1
(1157) 1
(1158) 1
(1161) 1
(1164) 1
(1165) 1
(1170) 1
(1172) 2
(1182) 1
(1186) 1
(1188) 1
(1189) 2
(1192) 1
(1193) 1
(1203) 1
(1206) 1
(1207) 1
(1214) 2
(1217) 1
(1219) 2
(1227) 1
(1232) 1
(1234) 1
(1236) 1
(1240) 1
(1246) 1
(1250) 1
(1257) 1
(1258) 1
(1259) 1
(1262) 1
(1264) 1
(1267) 1
(1269) 1
(1275) 1
(1276) 2
(1279) 1
(1280) 2
(1283) 1
(1285) 1
(1286) 1
(1290) 1
(1292) 1
(1295) 1
(1296) 1
(1306) 1
(1308) 2
(1312) 1
(1313) 1
(1315) 1
(1316) 1
(1324) 1
(1325) 1
(1326) 1
(1333) 1
(1337) 1
(1340) 1
(1342) 1
(1365) 1
(1366) 1
(1373) 1
(1379) 1
(1380) 1
(1382) 1
(1383) 1
(1404) 1
(1413) 1
(1421) 1
(1424) 1
(1430) 1
(1440) 1
(1447) 1
(1462) 1
(1465) 1
(1480) 1
(1481) 1
(1498) 1
(1503) 1
(1507) 1
(1512) 1
(1515) 1
(1519) 1
(1520) 1
(1522) 1
(1532) 1
(1536) 1
(1537) 1
(1545) 1
(1550) 1
(1570) 1
(1579) 1
(1599) 1
(1603) 1
(1609) 1
(1618) 1
(1626) 1
(1631) 1
(1636) 2
(1660) 1
(1698) 1
(1715) 1
(1725) 1
(1752) 1
(1756) 1
(1761) 1
(1764) 1
(1775) 1
(1804) 1
(1844) 1
(1890) 1
(1915) 1
(1925) 1
(1934) 1
(2024) 1
(2141) 1
(2201) 1
(2807) 1
(-1) -1
