"quadD_10" (4096)
Sun Jun  3 22:44:19 2007
 2
1 long 
("nero.quadrantD.9.energy")
(0 4095) 
--------------------------------------------
(96) 701
(97) 544
(98) 436
(99) 355
(100) 295
(101) 231
(102) 182
(103) 137
(104) 126
(105) 103
(106) 89
(107) 80
(108) 57
(109) 46
(110) 41
(111) 38
(112) 34
(113) 34
(114) 30
(115) 22
(116) 19
(117) 18
(118) 19
(119) 13
(120) 17
(121) 19
(122) 14
(123) 15
(124) 13
(125) 16
(126) 13
(127) 11
(128) 5
(129) 13
(130) 11
(131) 6
(132) 7
(133) 11
(134) 8
(135) 15
(136) 6
(137) 14
(138) 6
(139) 2
(140) 12
(141) 11
(142) 10
(143) 6
(144) 10
(145) 5
(146) 4
(147) 13
(148) 12
(149) 8
(150) 5
(151) 6
(152) 8
(153) 7
(154) 9
(155) 5
(156) 6
(157) 3
(158) 5
(159) 6
(160) 3
(161) 5
(162) 6
(163) 12
(164) 4
(165) 3
(166) 7
(167) 5
(168) 2
(169) 3
(170) 4
(171) 5
(172) 6
(173) 3
(174) 4
(175) 5
(177) 7
(178) 5
(179) 2
(180) 2
(182) 6
(183) 6
(184) 1
(185) 4
(186) 2
(187) 4
(188) 1
(189) 3
(190) 3
(191) 1
(192) 2
(193) 2
(194) 4
(195) 2
(196) 6
(197) 3
(198) 4
(199) 4
(200) 4
(201) 3
(202) 4
(203) 2
(204) 1
(205) 2
(206) 1
(208) 1
(209) 2
(211) 3
(212) 3
(213) 3
(214) 2
(215) 2
(216) 3
(217) 2
(218) 2
(219) 3
(220) 1
(221) 1
(223) 3
(225) 2
(227) 1
(229) 1
(230) 2
(231) 1
(232) 1
(233) 3
(234) 4
(235) 1
(237) 1
(239) 1
(241) 1
(242) 1
(243) 2
(244) 1
(245) 2
(246) 2
(249) 2
(251) 1
(252) 1
(254) 2
(257) 1
(258) 2
(259) 1
(261) 1
(262) 2
(263) 2
(264) 2
(265) 1
(269) 1
(271) 1
(272) 3
(273) 2
(274) 1
(275) 1
(276) 1
(278) 1
(279) 1
(280) 1
(281) 2
(282) 1
(284) 3
(285) 1
(286) 1
(287) 1
(288) 1
(290) 2
(292) 3
(293) 1
(294) 1
(296) 1
(297) 1
(299) 2
(301) 1
(303) 1
(305) 4
(306) 1
(308) 2
(309) 1
(310) 1
(312) 1
(313) 1
(314) 1
(316) 1
(317) 1
(318) 2
(319) 2
(320) 3
(321) 1
(322) 2
(323) 1
(325) 1
(326) 1
(329) 3
(331) 1
(332) 4
(335) 3
(337) 3
(338) 1
(339) 1
(340) 3
(341) 1
(342) 1
(343) 4
(344) 2
(345) 2
(346) 2
(347) 1
(349) 2
(350) 1
(353) 3
(354) 2
(355) 1
(356) 2
(358) 2
(359) 4
(360) 2
(361) 1
(362) 5
(363) 1
(364) 1
(365) 1
(366) 2
(367) 4
(368) 1
(369) 2
(370) 2
(371) 2
(372) 2
(373) 3
(374) 1
(375) 1
(376) 1
(377) 3
(378) 1
(379) 2
(380) 4
(381) 2
(382) 1
(383) 4
(384) 3
(385) 1
(386) 2
(387) 3
(388) 5
(389) 1
(390) 2
(391) 1
(392) 1
(393) 3
(395) 4
(396) 3
(397) 4
(398) 2
(399) 5
(400) 4
(401) 6
(402) 2
(403) 5
(404) 4
(405) 5
(406) 3
(407) 6
(408) 4
(409) 2
(410) 1
(411) 3
(412) 4
(413) 2
(414) 1
(415) 5
(416) 4
(417) 7
(418) 7
(419) 1
(420) 3
(421) 7
(422) 4
(423) 10
(424) 7
(425) 2
(426) 6
(427) 6
(428) 4
(429) 2
(430) 3
(431) 10
(432) 5
(433) 5
(434) 8
(435) 5
(436) 9
(437) 3
(438) 1
(439) 6
(440) 9
(441) 5
(442) 9
(443) 10
(444) 13
(445) 8
(446) 12
(447) 5
(448) 5
(449) 10
(450) 8
(451) 7
(452) 2
(453) 8
(454) 10
(455) 5
(456) 7
(457) 5
(458) 7
(459) 4
(460) 8
(461) 4
(462) 11
(463) 7
(464) 7
(465) 14
(466) 7
(467) 7
(468) 4
(469) 10
(470) 9
(471) 5
(472) 10
(473) 5
(474) 2
(475) 7
(476) 4
(477) 4
(478) 3
(479) 11
(480) 5
(481) 7
(482) 6
(483) 3
(484) 4
(485) 8
(486) 4
(487) 7
(488) 6
(489) 7
(490) 7
(491) 10
(492) 5
(493) 5
(494) 5
(495) 3
(496) 3
(497) 5
(498) 4
(499) 4
(500) 5
(501) 6
(502) 4
(503) 6
(504) 3
(505) 7
(506) 4
(507) 6
(508) 5
(509) 5
(510) 2
(511) 5
(512) 2
(513) 3
(514) 4
(515) 6
(516) 5
(517) 6
(518) 3
(519) 7
(520) 4
(521) 7
(522) 8
(523) 6
(524) 5
(525) 3
(526) 6
(527) 3
(528) 6
(529) 2
(530) 6
(531) 6
(532) 2
(533) 4
(534) 5
(535) 2
(536) 5
(537) 5
(538) 11
(539) 6
(540) 5
(541) 4
(542) 9
(543) 1
(544) 4
(545) 2
(546) 3
(547) 3
(548) 5
(549) 4
(550) 4
(551) 4
(552) 3
(553) 1
(554) 3
(555) 4
(556) 2
(557) 3
(559) 9
(560) 5
(561) 2
(562) 2
(563) 6
(564) 3
(565) 2
(566) 2
(567) 8
(568) 5
(569) 5
(570) 5
(571) 5
(572) 3
(573) 2
(574) 1
(575) 3
(577) 5
(578) 4
(579) 3
(580) 1
(581) 3
(582) 3
(584) 3
(585) 3
(586) 4
(587) 3
(589) 5
(590) 2
(591) 1
(592) 4
(593) 2
(594) 3
(595) 5
(596) 1
(597) 4
(598) 5
(599) 3
(600) 1
(601) 1
(602) 2
(603) 2
(604) 5
(606) 4
(607) 4
(609) 1
(610) 3
(611) 1
(613) 3
(614) 1
(615) 1
(617) 2
(619) 1
(620) 2
(622) 1
(623) 1
(624) 3
(625) 1
(626) 2
(628) 3
(630) 1
(633) 1
(634) 2
(635) 1
(637) 2
(640) 3
(642) 1
(643) 1
(644) 1
(647) 1
(651) 2
(652) 2
(654) 2
(655) 2
(657) 2
(659) 2
(661) 3
(662) 1
(663) 1
(664) 1
(665) 1
(668) 1
(670) 1
(673) 3
(674) 1
(678) 3
(679) 2
(680) 2
(683) 2
(686) 1
(687) 2
(688) 1
(690) 1
(691) 2
(692) 1
(693) 1
(696) 2
(697) 1
(698) 2
(700) 5
(703) 2
(704) 1
(705) 1
(708) 2
(713) 2
(714) 2
(715) 2
(718) 2
(720) 2
(723) 1
(724) 1
(725) 1
(726) 2
(727) 1
(728) 1
(730) 2
(740) 1
(742) 2
(743) 2
(745) 2
(748) 2
(749) 1
(751) 1
(753) 2
(755) 1
(761) 1
(763) 1
(764) 1
(765) 2
(766) 2
(769) 2
(770) 1
(771) 2
(772) 1
(773) 1
(777) 2
(778) 1
(779) 2
(780) 2
(782) 1
(784) 1
(785) 1
(786) 1
(789) 3
(791) 3
(793) 1
(794) 2
(795) 1
(799) 1
(800) 2
(802) 1
(803) 1
(805) 1
(809) 1
(811) 2
(812) 2
(817) 1
(819) 2
(822) 2
(824) 1
(826) 1
(827) 2
(829) 2
(830) 1
(831) 2
(835) 2
(844) 1
(847) 1
(849) 1
(850) 2
(852) 3
(855) 1
(856) 2
(857) 1
(859) 2
(860) 1
(861) 1
(862) 1
(863) 1
(865) 3
(866) 1
(871) 1
(872) 1
(873) 2
(875) 1
(876) 1
(877) 2
(879) 1
(880) 1
(881) 1
(882) 1
(885) 1
(889) 1
(890) 1
(891) 2
(892) 1
(893) 1
(895) 1
(896) 1
(898) 1
(900) 1
(901) 2
(905) 1
(909) 1
(910) 1
(911) 1
(914) 2
(915) 1
(918) 2
(919) 1
(921) 1
(924) 2
(927) 2
(928) 1
(930) 1
(931) 1
(932) 1
(941) 1
(942) 1
(943) 3
(945) 2
(948) 2
(952) 3
(953) 3
(956) 2
(959) 1
(961) 1
(962) 2
(963) 2
(967) 3
(969) 1
(970) 2
(971) 1
(976) 1
(978) 1
(980) 1
(981) 1
(982) 2
(988) 2
(990) 1
(991) 2
(995) 1
(996) 1
(997) 1
(998) 1
(1000) 2
(1003) 2
(1007) 2
(1011) 1
(1013) 1
(1014) 2
(1015) 1
(1016) 1
(1017) 1
(1019) 1
(1020) 2
(1021) 2
(1022) 2
(1024) 1
(1025) 1
(1026) 2
(1031) 1
(1032) 2
(1033) 1
(1034) 2
(1035) 1
(1036) 2
(1037) 3
(1040) 2
(1043) 2
(1044) 1
(1047) 1
(1048) 1
(1049) 1
(1051) 1
(1053) 1
(1054) 1
(1056) 1
(1062) 1
(1063) 1
(1066) 1
(1068) 1
(1071) 2
(1077) 1
(1078) 1
(1079) 1
(1080) 1
(1085) 1
(1086) 1
(1089) 1
(1091) 2
(1092) 2
(1095) 2
(1096) 1
(1097) 1
(1098) 2
(1102) 2
(1103) 1
(1104) 2
(1105) 1
(1106) 1
(1107) 1
(1108) 1
(1111) 2
(1113) 1
(1117) 1
(1118) 1
(1120) 1
(1121) 1
(1123) 1
(1126) 1
(1130) 1
(1131) 1
(1132) 1
(1138) 1
(1140) 1
(1142) 2
(1144) 1
(1151) 1
(1154) 1
(1155) 1
(1156) 1
(1157) 1
(1158) 2
(1160) 1
(1161) 3
(1162) 1
(1165) 2
(1171) 1
(1173) 1
(1174) 1
(1176) 1
(1178) 1
(1181) 1
(1185) 1
(1188) 1
(1189) 1
(1193) 1
(1195) 1
(1197) 2
(1198) 1
(1201) 1
(1210) 1
(1213) 1
(1216) 1
(1219) 1
(1221) 1
(1225) 1
(1227) 2
(1231) 1
(1233) 2
(1240) 1
(1244) 3
(1247) 1
(1249) 1
(1252) 1
(1260) 2
(1263) 1
(1265) 1
(1267) 1
(1269) 1
(1275) 1
(1278) 1
(1282) 1
(1290) 1
(1291) 1
(1296) 1
(1311) 1
(1317) 1
(1322) 1
(1325) 1
(1327) 2
(1333) 1
(1335) 2
(1338) 1
(1344) 1
(1345) 1
(1349) 1
(1357) 1
(1362) 1
(1365) 1
(1366) 1
(1369) 1
(1390) 1
(1413) 2
(1421) 1
(1425) 1
(1434) 1
(1438) 1
(1440) 1
(1442) 1
(1449) 1
(1454) 2
(1458) 1
(1462) 1
(1464) 1
(1468) 2
(1475) 1
(1478) 1
(1479) 1
(1490) 1
(1492) 1
(1500) 1
(1506) 1
(1515) 1
(1519) 1
(1522) 1
(1528) 2
(1549) 1
(1555) 1
(1558) 1
(1562) 1
(1568) 1
(1581) 1
(1587) 1
(1590) 1
(1596) 1
(1629) 1
(1640) 1
(1642) 1
(1644) 1
(1658) 1
(1673) 1
(1689) 1
(1700) 1
(1704) 1
(1709) 1
(1739) 1
(1751) 1
(1766) 1
(1770) 1
(1819) 1
(1858) 1
(1861) 1
(1874) 1
(1875) 1
(1900) 1
(1923) 1
(1934) 1
(1983) 1
(2003) 1
(2019) 1
(2112) 1
(-1) -1
