"quadD_6" (4096)
Sun Jun  3 22:44:35 2007
 2
1 long 
("nero.quadrantD.5.energy")
(0 4095) 
--------------------------------------------
(80) 7640
(81) 8965
(82) 10243
(83) 12053
(84) 13413
(85) 14830
(86) 16100
(87) 16567
(88) 17464
(89) 17284
(90) 16741
(91) 16136
(92) 15267
(93) 14149
(94) 12622
(95) 11662
(96) 10580
(97) 9436
(98) 8356
(99) 7508
(100) 6429
(101) 5777
(102) 4878
(103) 4198
(104) 3671
(105) 3092
(106) 2422
(107) 2059
(108) 1673
(109) 1352
(110) 1069
(111) 887
(112) 753
(113) 542
(114) 454
(115) 326
(116) 285
(117) 231
(118) 189
(119) 137
(120) 116
(121) 92
(122) 90
(123) 74
(124) 61
(125) 42
(126) 39
(127) 42
(128) 27
(129) 35
(130) 24
(131) 26
(132) 11
(133) 12
(134) 23
(135) 26
(136) 12
(137) 16
(138) 15
(139) 18
(140) 14
(141) 9
(142) 9
(143) 5
(144) 9
(145) 14
(146) 8
(147) 17
(148) 8
(149) 9
(150) 11
(151) 8
(152) 5
(153) 9
(154) 5
(155) 15
(156) 7
(157) 9
(158) 10
(159) 4
(160) 6
(161) 9
(162) 7
(163) 18
(164) 7
(165) 9
(166) 7
(167) 6
(168) 5
(169) 10
(170) 7
(171) 8
(172) 4
(173) 10
(174) 7
(175) 4
(176) 6
(177) 9
(178) 9
(179) 4
(180) 4
(181) 5
(182) 1
(183) 7
(184) 10
(185) 4
(186) 3
(187) 3
(188) 2
(189) 5
(190) 4
(191) 4
(192) 2
(193) 5
(194) 1
(195) 3
(196) 3
(197) 3
(198) 2
(199) 3
(200) 2
(201) 3
(202) 3
(203) 4
(204) 5
(205) 1
(206) 2
(207) 1
(208) 2
(209) 4
(210) 3
(211) 3
(212) 1
(213) 1
(215) 3
(216) 3
(217) 1
(218) 3
(219) 4
(220) 3
(221) 3
(222) 3
(223) 1
(224) 3
(225) 1
(226) 2
(227) 1
(228) 5
(229) 2
(231) 1
(232) 1
(235) 1
(236) 1
(238) 1
(241) 1
(242) 5
(243) 1
(244) 2
(245) 1
(246) 2
(247) 2
(248) 1
(249) 1
(250) 3
(251) 3
(252) 3
(254) 3
(255) 1
(256) 1
(258) 1
(259) 3
(260) 2
(261) 2
(262) 2
(264) 1
(266) 1
(267) 2
(268) 1
(269) 1
(271) 1
(273) 1
(274) 3
(275) 1
(276) 1
(277) 2
(278) 4
(279) 1
(281) 3
(282) 1
(283) 3
(284) 1
(285) 1
(288) 3
(291) 3
(292) 3
(293) 2
(294) 3
(295) 1
(297) 1
(298) 1
(299) 2
(300) 3
(301) 1
(302) 1
(303) 1
(304) 1
(305) 3
(308) 1
(310) 1
(311) 1
(312) 1
(314) 2
(315) 1
(316) 1
(317) 3
(318) 2
(321) 2
(322) 1
(323) 1
(324) 2
(325) 2
(326) 4
(327) 1
(329) 2
(330) 3
(331) 1
(335) 2
(336) 3
(338) 4
(339) 1
(340) 1
(341) 2
(343) 2
(344) 1
(345) 1
(346) 1
(347) 1
(348) 2
(349) 2
(350) 4
(351) 3
(352) 1
(353) 3
(354) 3
(356) 1
(357) 3
(358) 2
(359) 3
(360) 3
(361) 3
(362) 1
(363) 1
(364) 1
(365) 2
(366) 8
(367) 2
(368) 2
(369) 4
(370) 4
(371) 2
(373) 4
(374) 2
(376) 6
(377) 3
(378) 1
(379) 2
(380) 1
(381) 2
(382) 1
(383) 4
(384) 1
(385) 2
(386) 6
(387) 4
(388) 3
(389) 2
(390) 1
(391) 1
(392) 2
(393) 2
(394) 7
(395) 2
(396) 3
(398) 1
(399) 4
(400) 4
(401) 4
(402) 4
(403) 4
(404) 3
(405) 2
(406) 3
(407) 7
(409) 10
(410) 4
(411) 5
(412) 3
(413) 5
(414) 4
(415) 8
(416) 4
(417) 5
(418) 7
(419) 5
(420) 5
(421) 3
(422) 1
(423) 5
(424) 13
(425) 7
(426) 9
(427) 8
(428) 6
(429) 8
(430) 4
(431) 5
(432) 3
(433) 6
(434) 10
(435) 5
(436) 7
(437) 8
(438) 7
(439) 13
(440) 11
(441) 7
(442) 7
(443) 3
(444) 11
(445) 9
(446) 12
(447) 5
(448) 9
(449) 5
(450) 3
(451) 4
(452) 8
(453) 7
(454) 7
(455) 7
(456) 5
(457) 7
(458) 5
(459) 16
(460) 7
(461) 13
(462) 5
(463) 6
(464) 13
(465) 7
(466) 10
(467) 5
(468) 9
(469) 5
(470) 6
(471) 9
(472) 5
(473) 7
(474) 9
(475) 1
(476) 4
(477) 8
(478) 7
(479) 6
(480) 4
(481) 4
(482) 5
(483) 7
(484) 7
(485) 6
(486) 10
(487) 4
(488) 2
(489) 8
(490) 6
(491) 2
(492) 4
(493) 6
(494) 5
(495) 8
(496) 6
(497) 2
(498) 7
(499) 4
(500) 3
(501) 9
(502) 4
(503) 6
(504) 3
(505) 3
(506) 7
(507) 12
(508) 5
(509) 5
(510) 4
(511) 2
(512) 4
(513) 5
(514) 5
(515) 6
(516) 3
(517) 9
(518) 5
(519) 1
(520) 4
(521) 6
(522) 2
(523) 3
(524) 2
(525) 4
(526) 6
(527) 2
(528) 4
(529) 7
(530) 5
(531) 8
(532) 4
(533) 3
(534) 5
(535) 6
(536) 5
(537) 3
(538) 7
(539) 5
(540) 3
(541) 2
(542) 4
(543) 5
(544) 6
(545) 2
(546) 4
(547) 5
(548) 2
(549) 1
(550) 3
(552) 3
(553) 3
(554) 3
(555) 5
(556) 4
(557) 4
(558) 4
(559) 5
(561) 4
(562) 6
(564) 2
(565) 4
(566) 3
(567) 4
(568) 2
(569) 5
(570) 5
(571) 1
(572) 4
(573) 1
(574) 3
(576) 1
(577) 1
(578) 1
(579) 3
(580) 3
(581) 2
(582) 6
(583) 3
(584) 3
(585) 4
(586) 5
(587) 2
(588) 2
(589) 4
(590) 2
(591) 2
(592) 3
(593) 2
(594) 1
(595) 4
(596) 2
(597) 3
(598) 1
(599) 3
(600) 2
(601) 2
(602) 2
(603) 1
(604) 1
(605) 3
(607) 4
(609) 1
(610) 2
(611) 4
(612) 2
(613) 2
(614) 2
(616) 1
(617) 1
(618) 2
(622) 2
(623) 1
(624) 3
(625) 2
(629) 1
(634) 1
(635) 1
(636) 1
(637) 1
(638) 1
(639) 1
(647) 1
(649) 1
(650) 1
(651) 1
(652) 2
(655) 4
(656) 1
(657) 2
(658) 1
(661) 1
(665) 1
(666) 1
(667) 1
(669) 1
(670) 1
(671) 1
(673) 1
(676) 1
(677) 1
(679) 3
(682) 1
(684) 1
(686) 2
(687) 1
(688) 1
(694) 2
(696) 1
(698) 1
(700) 1
(701) 1
(702) 1
(703) 1
(704) 1
(706) 1
(708) 1
(710) 2
(711) 1
(713) 1
(716) 1
(717) 1
(718) 1
(720) 1
(721) 1
(723) 2
(725) 1
(727) 1
(729) 1
(730) 3
(731) 2
(732) 1
(735) 1
(737) 1
(738) 2
(741) 3
(742) 2
(743) 1
(745) 1
(747) 3
(749) 2
(753) 2
(756) 1
(759) 2
(760) 2
(762) 1
(764) 2
(767) 2
(769) 2
(771) 2
(773) 1
(774) 2
(775) 1
(776) 1
(780) 1
(781) 2
(785) 1
(790) 1
(794) 2
(795) 1
(796) 1
(797) 2
(798) 1
(801) 1
(802) 2
(804) 2
(805) 1
(807) 1
(809) 1
(810) 1
(811) 1
(812) 1
(813) 1
(817) 1
(818) 1
(819) 1
(825) 1
(826) 1
(827) 2
(830) 1
(832) 2
(834) 1
(836) 2
(837) 1
(840) 1
(841) 1
(842) 1
(846) 1
(848) 1
(851) 1
(852) 2
(853) 1
(857) 1
(859) 1
(860) 2
(863) 1
(865) 2
(867) 1
(868) 1
(869) 1
(870) 1
(871) 1
(872) 1
(873) 1
(874) 1
(877) 1
(880) 2
(883) 1
(885) 1
(886) 1
(888) 2
(894) 2
(895) 3
(896) 2
(904) 1
(906) 1
(908) 1
(909) 1
(913) 2
(914) 1
(918) 1
(920) 2
(922) 1
(926) 1
(927) 1
(929) 1
(933) 1
(938) 1
(941) 2
(942) 1
(943) 1
(944) 1
(946) 1
(947) 1
(950) 4
(952) 2
(953) 1
(956) 2
(959) 2
(964) 1
(965) 1
(966) 2
(967) 1
(969) 1
(970) 1
(972) 1
(974) 1
(976) 2
(977) 1
(980) 1
(981) 1
(982) 1
(983) 1
(984) 1
(985) 2
(987) 1
(988) 1
(993) 1
(998) 1
(1007) 1
(1009) 1
(1012) 1
(1013) 1
(1017) 2
(1019) 1
(1021) 2
(1025) 1
(1027) 1
(1030) 1
(1032) 1
(1033) 2
(1037) 1
(1038) 1
(1040) 1
(1042) 1
(1044) 1
(1049) 1
(1051) 2
(1052) 1
(1054) 1
(1056) 1
(1057) 1
(1058) 1
(1059) 1
(1063) 1
(1070) 1
(1071) 1
(1072) 1
(1073) 2
(1077) 1
(1082) 1
(1084) 1
(1086) 1
(1087) 1
(1089) 1
(1094) 1
(1095) 1
(1096) 1
(1097) 1
(1098) 1
(1100) 1
(1101) 1
(1107) 1
(1108) 2
(1109) 1
(1111) 1
(1114) 1
(1115) 2
(1116) 1
(1117) 1
(1119) 1
(1121) 2
(1122) 1
(1124) 1
(1130) 1
(1137) 1
(1138) 2
(1142) 1
(1147) 2
(1161) 1
(1163) 2
(1164) 1
(1173) 2
(1175) 1
(1176) 2
(1177) 1
(1179) 1
(1182) 1
(1185) 1
(1201) 1
(1214) 1
(1223) 1
(1225) 1
(1232) 1
(1235) 1
(1238) 1
(1247) 1
(1251) 2
(1253) 1
(1256) 1
(1258) 1
(1262) 1
(1265) 1
(1269) 2
(1278) 1
(1283) 1
(1286) 1
(1287) 2
(1296) 1
(1304) 1
(1308) 1
(1309) 1
(1315) 1
(1317) 1
(1318) 1
(1322) 1
(1324) 1
(1334) 1
(1335) 1
(1339) 1
(1341) 1
(1355) 1
(1356) 1
(1364) 1
(1371) 1
(1372) 1
(1397) 1
(1410) 1
(1413) 1
(1420) 1
(1428) 2
(1439) 1
(1441) 1
(1444) 1
(1452) 1
(1458) 1
(1460) 2
(1467) 1
(1482) 1
(1492) 1
(1493) 1
(1497) 1
(1512) 1
(1524) 1
(1534) 1
(1546) 2
(1550) 1
(1551) 1
(1565) 1
(1567) 2
(1580) 1
(1598) 1
(1601) 1
(1615) 1
(1643) 1
(1649) 1
(1656) 1
(1666) 1
(1669) 1
(1684) 1
(1691) 1
(1698) 1
(1715) 1
(1720) 1
(1721) 1
(1732) 1
(1737) 1
(1783) 1
(1788) 1
(1795) 1
(1832) 1
(1904) 1
(1940) 1
(1943) 1
(1952) 1
(1975) 1
(1982) 1
(2004) 1
(2048) 1
(2459) 1
(-1) -1
