"quadD_12" (4096)
Sun Jun  3 22:44:09 2007
 2
1 long 
("nero.quadrantD.11.energy")
(0 4095) 
--------------------------------------------
(96) 1505
(97) 1121
(98) 952
(99) 776
(100) 684
(101) 463
(102) 405
(103) 312
(104) 233
(105) 215
(106) 179
(107) 136
(108) 105
(109) 82
(110) 74
(111) 72
(112) 51
(113) 45
(114) 35
(115) 26
(116) 34
(117) 29
(118) 33
(119) 18
(120) 17
(121) 20
(122) 19
(123) 29
(124) 13
(125) 18
(126) 19
(127) 15
(128) 17
(129) 12
(130) 18
(131) 8
(132) 12
(133) 17
(134) 14
(135) 18
(136) 13
(137) 16
(138) 13
(139) 11
(140) 9
(141) 8
(142) 8
(143) 9
(144) 12
(145) 6
(146) 10
(147) 10
(148) 10
(149) 5
(150) 9
(151) 10
(152) 10
(153) 7
(154) 5
(155) 9
(156) 6
(157) 6
(158) 6
(159) 8
(160) 2
(161) 2
(162) 5
(163) 7
(164) 5
(165) 6
(166) 3
(167) 7
(168) 7
(169) 4
(170) 2
(171) 6
(172) 3
(173) 4
(174) 6
(175) 7
(176) 2
(177) 2
(178) 6
(179) 5
(180) 3
(181) 3
(182) 3
(183) 4
(184) 4
(185) 3
(186) 5
(187) 3
(188) 4
(189) 3
(190) 5
(192) 3
(193) 5
(194) 4
(195) 2
(196) 3
(197) 3
(198) 2
(199) 4
(200) 2
(202) 1
(203) 1
(204) 3
(205) 2
(206) 1
(207) 1
(209) 2
(211) 1
(212) 1
(213) 1
(214) 2
(215) 1
(216) 3
(217) 1
(218) 1
(219) 2
(222) 2
(224) 3
(225) 3
(227) 1
(228) 2
(229) 3
(230) 1
(231) 1
(232) 1
(234) 5
(235) 3
(236) 1
(238) 1
(240) 1
(241) 1
(242) 1
(243) 2
(244) 2
(245) 2
(246) 1
(247) 3
(250) 1
(251) 1
(252) 2
(253) 2
(256) 2
(257) 1
(258) 1
(259) 1
(260) 2
(261) 1
(262) 1
(266) 2
(267) 1
(269) 1
(270) 1
(271) 2
(272) 1
(274) 2
(275) 1
(276) 3
(277) 3
(278) 1
(279) 3
(280) 2
(281) 3
(282) 3
(283) 2
(284) 1
(285) 1
(286) 3
(287) 1
(288) 1
(289) 3
(292) 1
(293) 3
(294) 1
(295) 3
(296) 3
(297) 2
(298) 1
(299) 2
(300) 1
(301) 1
(302) 2
(303) 1
(304) 3
(305) 1
(306) 1
(307) 2
(308) 1
(309) 3
(310) 3
(311) 4
(312) 2
(313) 2
(314) 1
(315) 1
(316) 2
(317) 4
(318) 5
(319) 1
(320) 3
(322) 2
(323) 2
(324) 1
(325) 2
(326) 2
(327) 1
(328) 1
(330) 1
(331) 2
(332) 1
(333) 1
(334) 1
(337) 1
(338) 1
(339) 3
(340) 3
(341) 3
(343) 1
(344) 4
(345) 1
(346) 4
(347) 1
(348) 2
(349) 3
(350) 1
(351) 2
(352) 1
(354) 1
(355) 1
(356) 1
(357) 4
(359) 1
(360) 4
(361) 4
(362) 2
(363) 1
(365) 8
(366) 2
(367) 2
(368) 3
(370) 2
(371) 3
(372) 1
(373) 1
(374) 2
(375) 4
(376) 4
(377) 6
(378) 2
(379) 4
(380) 2
(381) 7
(382) 4
(383) 6
(384) 1
(385) 3
(386) 8
(387) 8
(388) 5
(389) 4
(390) 5
(391) 9
(392) 2
(393) 5
(394) 6
(395) 9
(396) 7
(397) 11
(398) 5
(399) 5
(400) 3
(401) 3
(402) 7
(403) 9
(404) 9
(405) 5
(406) 7
(407) 4
(408) 2
(409) 5
(410) 8
(411) 12
(412) 6
(413) 9
(414) 7
(415) 8
(416) 11
(417) 4
(418) 6
(419) 1
(420) 4
(421) 9
(422) 6
(423) 8
(424) 5
(425) 3
(426) 4
(427) 12
(428) 9
(429) 9
(430) 7
(431) 10
(432) 5
(433) 6
(434) 5
(435) 2
(436) 8
(437) 10
(438) 13
(439) 12
(440) 9
(441) 9
(442) 4
(443) 3
(445) 5
(446) 12
(447) 6
(448) 6
(449) 10
(450) 6
(451) 6
(452) 7
(453) 9
(454) 5
(455) 4
(456) 11
(457) 7
(458) 4
(459) 4
(460) 3
(461) 7
(462) 11
(463) 4
(464) 13
(465) 4
(466) 7
(467) 3
(468) 6
(469) 5
(470) 6
(471) 6
(472) 3
(473) 4
(474) 7
(475) 5
(476) 7
(477) 5
(478) 6
(479) 4
(480) 5
(481) 6
(482) 8
(483) 2
(484) 4
(485) 5
(486) 9
(487) 8
(488) 7
(489) 4
(490) 7
(491) 6
(492) 2
(493) 5
(494) 7
(495) 2
(496) 4
(497) 4
(498) 7
(499) 1
(500) 4
(501) 4
(502) 5
(503) 4
(504) 7
(505) 6
(506) 7
(507) 4
(508) 9
(509) 6
(510) 3
(511) 6
(512) 10
(513) 5
(514) 3
(515) 7
(516) 7
(517) 3
(518) 4
(519) 4
(520) 6
(521) 3
(522) 6
(523) 4
(524) 6
(525) 5
(526) 5
(527) 4
(528) 3
(529) 6
(530) 4
(531) 8
(532) 3
(533) 6
(534) 5
(535) 2
(536) 1
(537) 6
(538) 5
(539) 5
(540) 3
(541) 1
(542) 4
(543) 3
(544) 2
(545) 3
(546) 2
(547) 3
(548) 1
(549) 1
(552) 5
(554) 4
(555) 5
(556) 3
(557) 6
(558) 5
(559) 5
(560) 4
(561) 3
(562) 3
(563) 1
(564) 1
(565) 1
(566) 4
(567) 2
(568) 3
(569) 3
(570) 3
(571) 1
(572) 2
(573) 3
(574) 2
(575) 3
(576) 1
(577) 2
(578) 3
(579) 1
(581) 3
(582) 2
(585) 2
(586) 3
(587) 1
(588) 1
(589) 1
(590) 2
(592) 1
(593) 1
(594) 3
(595) 3
(596) 2
(597) 1
(598) 3
(599) 2
(601) 1
(604) 1
(605) 1
(607) 3
(609) 1
(611) 1
(612) 1
(613) 1
(614) 1
(615) 1
(616) 1
(618) 1
(619) 1
(620) 1
(622) 1
(625) 1
(626) 3
(628) 1
(629) 1
(630) 1
(631) 1
(632) 2
(633) 2
(634) 1
(635) 1
(637) 1
(639) 2
(640) 1
(641) 2
(644) 2
(645) 1
(646) 1
(647) 1
(650) 1
(653) 1
(654) 1
(655) 1
(656) 2
(657) 2
(658) 1
(660) 3
(661) 1
(662) 1
(663) 1
(665) 1
(669) 1
(670) 2
(671) 1
(672) 1
(673) 1
(674) 1
(675) 1
(676) 2
(677) 2
(681) 1
(682) 1
(683) 1
(684) 1
(685) 1
(686) 2
(687) 1
(689) 1
(690) 2
(691) 2
(694) 2
(696) 1
(698) 3
(699) 1
(700) 2
(703) 2
(705) 2
(706) 3
(707) 2
(710) 2
(711) 1
(715) 1
(716) 1
(717) 4
(721) 2
(722) 1
(725) 1
(726) 1
(727) 1
(729) 1
(731) 1
(732) 2
(735) 1
(736) 2
(737) 1
(738) 3
(740) 1
(741) 1
(744) 1
(745) 1
(746) 1
(747) 1
(752) 1
(753) 2
(755) 1
(756) 1
(759) 1
(761) 1
(765) 1
(767) 1
(768) 2
(769) 1
(772) 1
(773) 1
(775) 2
(778) 2
(779) 2
(780) 1
(781) 1
(782) 1
(783) 1
(785) 1
(786) 1
(787) 3
(788) 2
(789) 1
(794) 2
(796) 2
(799) 1
(800) 2
(802) 2
(803) 2
(804) 1
(805) 1
(806) 2
(807) 1
(809) 3
(814) 1
(815) 1
(816) 1
(817) 2
(818) 2
(819) 1
(822) 1
(824) 1
(828) 6
(829) 1
(832) 1
(834) 2
(835) 1
(839) 1
(840) 1
(845) 1
(848) 2
(850) 1
(851) 2
(852) 3
(855) 1
(856) 1
(858) 1
(859) 1
(860) 1
(861) 1
(863) 2
(864) 1
(869) 2
(871) 1
(872) 2
(877) 2
(878) 1
(880) 1
(883) 1
(885) 2
(886) 1
(887) 1
(888) 3
(890) 1
(891) 1
(892) 1
(893) 1
(897) 1
(900) 2
(901) 1
(903) 1
(904) 2
(908) 2
(909) 1
(911) 2
(912) 1
(913) 1
(918) 1
(919) 2
(920) 1
(923) 1
(925) 1
(926) 2
(927) 2
(929) 1
(930) 1
(931) 1
(933) 3
(934) 3
(936) 1
(938) 3
(939) 1
(942) 1
(948) 1
(949) 1
(951) 2
(954) 1
(955) 2
(959) 1
(962) 1
(964) 1
(965) 1
(969) 2
(970) 1
(971) 1
(975) 1
(976) 1
(977) 1
(978) 1
(979) 1
(981) 1
(982) 1
(984) 1
(985) 1
(986) 2
(988) 1
(990) 1
(992) 1
(1005) 1
(1006) 1
(1008) 1
(1009) 1
(1010) 2
(1015) 1
(1017) 1
(1022) 1
(1023) 1
(1026) 1
(1028) 1
(1033) 1
(1034) 1
(1037) 1
(1039) 2
(1040) 1
(1045) 1
(1046) 2
(1049) 1
(1051) 1
(1052) 1
(1054) 1
(1056) 1
(1057) 2
(1058) 1
(1067) 1
(1069) 1
(1072) 1
(1073) 1
(1075) 1
(1084) 1
(1087) 1
(1088) 1
(1090) 1
(1091) 1
(1092) 1
(1096) 2
(1098) 1
(1105) 2
(1106) 1
(1107) 3
(1111) 1
(1113) 2
(1115) 2
(1119) 1
(1121) 1
(1124) 3
(1125) 1
(1126) 1
(1129) 3
(1137) 1
(1141) 1
(1144) 4
(1147) 1
(1154) 1
(1156) 2
(1158) 1
(1160) 1
(1161) 1
(1163) 1
(1164) 1
(1170) 2
(1172) 1
(1174) 1
(1185) 1
(1189) 1
(1197) 2
(1198) 1
(1204) 1
(1207) 1
(1214) 1
(1217) 1
(1218) 1
(1229) 1
(1230) 1
(1232) 1
(1234) 2
(1238) 1
(1239) 1
(1249) 1
(1262) 2
(1270) 1
(1275) 1
(1284) 1
(1287) 1
(1294) 1
(1302) 1
(1303) 1
(1305) 1
(1306) 1
(1311) 1
(1313) 1
(1316) 1
(1330) 1
(1342) 1
(1350) 2
(1359) 1
(1367) 1
(1370) 1
(1373) 1
(1375) 1
(1384) 1
(1387) 1
(1425) 2
(1441) 1
(1450) 1
(1453) 1
(1460) 1
(1465) 1
(1467) 1
(1478) 1
(1489) 1
(1498) 1
(1500) 1
(1508) 1
(1509) 1
(1510) 1
(1512) 1
(1531) 1
(1539) 1
(1557) 1
(1567) 1
(1573) 1
(1591) 1
(1604) 1
(1644) 1
(1646) 1
(1655) 1
(1670) 1
(1674) 1
(1680) 1
(1683) 1
(1704) 1
(1712) 1
(1713) 1
(1718) 1
(1738) 1
(1746) 1
(1759) 1
(1768) 1
(1779) 1
(1783) 1
(1807) 1
(1818) 1
(1845) 1
(1852) 1
(1880) 1
(1894) 1
(1907) 1
(1908) 1
(1940) 1
(1942) 1
(1953) 1
(2003) 1
(2004) 1
(2020) 1
(2297) 1
(-1) -1
