"quadD_2" (4096)
Sun Jun  3 22:44:49 2007
 2
1 long 
("nero.quadrantD.1.energy")
(0 4095) 
--------------------------------------------
(80) 15151
(81) 14611
(82) 14176
(83) 13247
(84) 12421
(85) 11778
(86) 10966
(87) 10344
(88) 9577
(89) 8753
(90) 7914
(91) 7110
(92) 6295
(93) 5555
(94) 4834
(95) 4241
(96) 3676
(97) 3144
(98) 2692
(99) 2198
(100) 1833
(101) 1539
(102) 1320
(103) 1077
(104) 883
(105) 777
(106) 614
(107) 483
(108) 407
(109) 326
(110) 295
(111) 214
(112) 177
(113) 122
(114) 142
(115) 121
(116) 84
(117) 77
(118) 65
(119) 49
(120) 49
(121) 38
(122) 28
(123) 36
(124) 30
(125) 25
(126) 31
(127) 17
(128) 15
(129) 13
(130) 13
(131) 19
(132) 16
(133) 14
(134) 10
(135) 17
(136) 10
(137) 11
(138) 10
(139) 3
(140) 9
(141) 12
(142) 10
(143) 5
(144) 9
(145) 3
(146) 12
(147) 7
(148) 6
(149) 3
(150) 7
(151) 8
(152) 3
(153) 5
(154) 3
(155) 6
(156) 10
(157) 7
(158) 4
(159) 6
(160) 4
(161) 1
(162) 6
(163) 6
(164) 6
(165) 8
(166) 5
(167) 2
(168) 3
(169) 7
(170) 1
(171) 8
(172) 6
(173) 4
(174) 1
(175) 3
(177) 1
(178) 9
(179) 5
(180) 3
(181) 1
(182) 6
(183) 4
(184) 1
(185) 3
(186) 3
(187) 2
(188) 6
(189) 1
(190) 6
(191) 2
(192) 4
(193) 1
(194) 1
(195) 1
(196) 2
(197) 3
(198) 6
(199) 5
(200) 1
(203) 3
(205) 4
(206) 4
(207) 4
(209) 3
(210) 3
(211) 1
(213) 5
(214) 3
(215) 2
(216) 3
(217) 3
(219) 2
(221) 2
(222) 1
(223) 1
(224) 3
(225) 1
(227) 2
(228) 1
(229) 1
(230) 1
(231) 2
(233) 1
(234) 4
(235) 4
(236) 1
(237) 4
(238) 2
(240) 1
(242) 1
(243) 1
(244) 3
(245) 1
(248) 2
(249) 1
(250) 1
(254) 2
(255) 1
(257) 1
(258) 1
(261) 3
(262) 2
(264) 2
(265) 1
(267) 1
(268) 2
(269) 1
(271) 1
(273) 1
(274) 2
(276) 2
(277) 1
(279) 2
(280) 1
(283) 1
(284) 2
(285) 1
(286) 1
(289) 2
(291) 1
(295) 1
(296) 1
(297) 2
(298) 1
(299) 1
(300) 1
(305) 1
(306) 3
(307) 1
(309) 2
(310) 2
(312) 2
(313) 1
(314) 1
(315) 3
(316) 2
(317) 1
(318) 1
(319) 1
(320) 2
(321) 3
(322) 1
(326) 1
(327) 1
(328) 1
(330) 1
(332) 1
(333) 1
(335) 2
(336) 1
(338) 2
(339) 2
(343) 3
(344) 1
(345) 1
(346) 2
(352) 1
(353) 1
(354) 1
(355) 1
(356) 2
(357) 1
(358) 1
(363) 1
(365) 1
(366) 1
(368) 1
(369) 1
(370) 2
(371) 1
(379) 1
(380) 1
(386) 2
(389) 1
(392) 2
(393) 2
(395) 2
(398) 1
(399) 2
(400) 1
(401) 3
(403) 1
(404) 1
(405) 1
(407) 1
(413) 3
(415) 1
(417) 1
(418) 1
(421) 3
(423) 1
(424) 1
(425) 1
(426) 1
(427) 2
(429) 1
(432) 1
(436) 1
(437) 2
(439) 1
(442) 1
(443) 3
(444) 1
(445) 2
(449) 1
(450) 1
(451) 2
(453) 1
(454) 1
(455) 1
(458) 2
(460) 1
(461) 1
(464) 1
(467) 2
(471) 2
(474) 1
(477) 1
(479) 1
(481) 1
(483) 1
(484) 1
(486) 1
(487) 4
(488) 1
(489) 3
(490) 1
(491) 1
(494) 1
(497) 2
(500) 1
(501) 1
(502) 1
(504) 1
(505) 1
(506) 1
(508) 2
(511) 2
(517) 1
(518) 3
(520) 2
(521) 2
(522) 2
(523) 1
(525) 3
(527) 2
(528) 1
(529) 1
(531) 2
(532) 1
(533) 3
(534) 1
(535) 1
(537) 1
(538) 2
(540) 1
(543) 1
(544) 1
(545) 1
(546) 2
(547) 1
(548) 3
(549) 1
(550) 3
(552) 1
(553) 1
(554) 1
(555) 1
(556) 2
(558) 1
(560) 1
(561) 1
(563) 1
(564) 3
(566) 3
(567) 5
(568) 1
(571) 1
(573) 3
(574) 1
(575) 1
(576) 3
(577) 2
(578) 1
(579) 3
(580) 5
(581) 4
(582) 1
(583) 1
(584) 2
(585) 1
(586) 3
(587) 3
(588) 1
(589) 3
(590) 2
(591) 2
(592) 3
(593) 2
(594) 2
(595) 5
(596) 2
(597) 1
(598) 4
(599) 4
(600) 3
(602) 2
(603) 3
(604) 7
(605) 3
(606) 3
(607) 2
(608) 3
(609) 5
(610) 5
(611) 5
(613) 2
(614) 3
(615) 3
(616) 6
(617) 6
(618) 5
(619) 6
(620) 4
(621) 7
(622) 4
(623) 6
(624) 4
(625) 6
(626) 5
(627) 4
(628) 4
(629) 6
(630) 5
(631) 7
(632) 7
(633) 4
(634) 7
(635) 9
(636) 11
(637) 6
(638) 6
(639) 9
(640) 8
(641) 8
(642) 9
(643) 3
(644) 3
(645) 9
(646) 6
(647) 14
(648) 9
(649) 14
(650) 7
(651) 13
(652) 6
(653) 9
(654) 11
(655) 10
(656) 10
(657) 8
(658) 16
(659) 12
(660) 7
(661) 9
(662) 8
(663) 14
(664) 15
(665) 7
(666) 2
(667) 9
(668) 11
(669) 7
(670) 11
(671) 9
(672) 6
(673) 8
(674) 7
(675) 7
(676) 12
(677) 11
(678) 7
(679) 11
(680) 6
(681) 7
(682) 13
(683) 7
(684) 5
(685) 4
(686) 6
(687) 3
(688) 10
(689) 3
(690) 4
(691) 1
(693) 4
(694) 3
(695) 1
(696) 3
(697) 5
(698) 1
(699) 3
(700) 2
(701) 1
(702) 2
(703) 3
(704) 1
(710) 1
(713) 2
(715) 1
(718) 1
(725) 1
(729) 1
(731) 1
(738) 1
(765) 1
(774) 1
(794) 1
(807) 1
(809) 1
(835) 1
(841) 1
(843) 1
(869) 1
(873) 1
(910) 1
(912) 1
(913) 1
(943) 1
(945) 1
(951) 1
(964) 1
(970) 1
(971) 1
(975) 1
(976) 1
(1000) 1
(1015) 1
(1016) 1
(1032) 1
(1037) 1
(1060) 1
(1114) 1
(1116) 1
(1117) 1
(1124) 1
(1128) 1
(1136) 1
(1168) 1
(1175) 1
(1187) 1
(1198) 1
(1200) 1
(1211) 1
(1232) 1
(1274) 1
(1278) 1
(1291) 1
(1307) 1
(1311) 1
(1318) 1
(1322) 1
(1329) 1
(1339) 1
(1351) 1
(1384) 1
(1400) 1
(1412) 1
(1422) 1
(1432) 1
(1476) 1
(1481) 1
(1488) 1
(1508) 1
(1514) 1
(1517) 1
(1528) 1
(1540) 1
(1555) 1
(1559) 1
(1596) 1
(1608) 1
(1612) 1
(1646) 1
(1655) 1
(1680) 1
(1684) 1
(1692) 1
(1693) 1
(1698) 1
(1710) 1
(1711) 1
(1750) 1
(1761) 1
(1767) 1
(1776) 1
(1812) 1
(1821) 1
(1827) 1
(1856) 1
(1952) 1
(1990) 1
(2027) 1
(2030) 1
(2033) 1
(2045) 1
(2065) 1
(2071) 2
(2130) 1
(2136) 1
(2142) 1
(2152) 1
(2168) 1
(2192) 1
(2203) 1
(2220) 2
(2233) 1
(2274) 1
(2280) 1
(2289) 1
(2311) 1
(2316) 1
(2328) 1
(2330) 1
(2354) 1
(2356) 1
(2375) 1
(2397) 1
(2411) 1
(2413) 1
(2453) 1
(2459) 1
(2468) 1
(2478) 1
(2498) 1
(2529) 1
(2547) 1
(2549) 1
(2587) 1
(2590) 1
(2602) 1
(2633) 1
(2659) 1
(2707) 1
(2734) 1
(2807) 1
(2849) 1
(2853) 1
(2854) 1
(2855) 2
(2856) 1
(2857) 1
(2876) 1
(2881) 1
(2887) 1
(2903) 1
(2904) 1
(2909) 1
(2945) 1
(2952) 1
(2965) 1
(2976) 1
(2992) 1
(3000) 1
(3027) 1
(3030) 1
(3034) 1
(3062) 1
(3064) 1
(3083) 1
(3109) 1
(3132) 1
(3146) 1
(3160) 1
(3164) 1
(3189) 1
(3200) 1
(3206) 1
(3235) 1
(3300) 1
(3337) 1
(3338) 1
(3344) 1
(3459) 1
(3481) 1
(3583) 1
(3608) 1
(3617) 1
(3649) 1
(3658) 1
(3682) 1
(3758) 1
(3829) 1
(3899) 1
(3953) 1
(4027) 1
(4049) 1
(-1) -1
