"quadD_5" (4096)
Sun Jun  3 22:44:39 2007
 2
1 long 
("nero.quadrantD.4.energy")
(0 4095) 
--------------------------------------------
(96) 15518
(97) 15909
(98) 16321
(99) 16308
(100) 15478
(101) 15008
(102) 14039
(103) 13039
(104) 12037
(105) 10731
(106) 10010
(107) 8951
(108) 8083
(109) 7467
(110) 6417
(111) 5854
(112) 5047
(113) 4444
(114) 3830
(115) 3157
(116) 2760
(117) 2235
(118) 1832
(119) 1598
(120) 1330
(121) 1058
(122) 853
(123) 708
(124) 564
(125) 460
(126) 392
(127) 282
(128) 268
(129) 181
(130) 174
(131) 121
(132) 119
(133) 104
(134) 77
(135) 70
(136) 55
(137) 44
(138) 40
(139) 35
(140) 36
(141) 24
(142) 38
(143) 18
(144) 19
(145) 20
(146) 15
(147) 12
(148) 17
(149) 22
(150) 15
(151) 14
(152) 12
(153) 12
(154) 11
(155) 15
(156) 9
(157) 9
(158) 11
(159) 11
(160) 13
(161) 6
(162) 11
(163) 10
(164) 14
(165) 7
(166) 12
(167) 8
(168) 9
(169) 5
(170) 4
(171) 9
(172) 10
(173) 15
(174) 7
(175) 4
(176) 2
(177) 6
(178) 6
(179) 3
(180) 5
(181) 7
(182) 2
(183) 9
(184) 4
(185) 5
(186) 2
(187) 6
(188) 1
(189) 4
(190) 4
(191) 2
(192) 4
(193) 3
(194) 2
(195) 4
(196) 5
(197) 4
(198) 3
(199) 3
(200) 2
(201) 4
(202) 1
(203) 7
(204) 5
(205) 2
(206) 1
(207) 1
(208) 3
(209) 4
(210) 5
(211) 3
(212) 5
(213) 1
(214) 5
(216) 2
(217) 1
(218) 5
(219) 2
(220) 1
(221) 3
(222) 2
(223) 4
(225) 2
(226) 1
(227) 3
(228) 3
(229) 2
(230) 6
(231) 1
(232) 4
(233) 1
(234) 2
(236) 1
(237) 1
(238) 2
(239) 1
(240) 2
(241) 1
(242) 2
(243) 1
(244) 1
(245) 2
(247) 2
(248) 2
(249) 3
(251) 1
(252) 3
(253) 1
(254) 1
(255) 1
(256) 2
(257) 2
(258) 1
(259) 2
(260) 2
(261) 1
(262) 1
(263) 2
(264) 1
(265) 2
(266) 1
(267) 2
(268) 1
(269) 3
(271) 1
(273) 1
(274) 2
(276) 1
(277) 4
(278) 2
(281) 3
(283) 1
(284) 2
(285) 2
(286) 1
(287) 1
(288) 1
(290) 2
(292) 1
(293) 1
(296) 1
(298) 2
(302) 2
(303) 2
(304) 1
(305) 1
(307) 2
(310) 1
(311) 2
(312) 1
(313) 2
(314) 1
(315) 1
(318) 1
(319) 1
(321) 2
(323) 3
(324) 2
(326) 1
(327) 2
(328) 1
(330) 3
(332) 1
(333) 1
(335) 2
(336) 1
(337) 1
(338) 2
(339) 1
(340) 2
(341) 1
(342) 1
(343) 1
(345) 3
(346) 2
(348) 1
(349) 2
(350) 4
(351) 1
(352) 2
(353) 2
(357) 1
(358) 1
(359) 1
(360) 1
(361) 1
(366) 1
(369) 1
(371) 1
(372) 1
(373) 1
(374) 1
(377) 1
(379) 1
(380) 1
(382) 1
(384) 2
(385) 2
(387) 2
(388) 1
(391) 1
(392) 2
(395) 1
(397) 1
(399) 2
(400) 2
(401) 1
(402) 1
(403) 1
(404) 2
(405) 2
(406) 1
(409) 1
(414) 1
(415) 1
(420) 1
(422) 2
(424) 1
(426) 3
(428) 1
(429) 2
(431) 1
(432) 1
(434) 1
(435) 1
(436) 2
(438) 3
(439) 1
(446) 1
(449) 2
(454) 1
(457) 2
(458) 1
(460) 1
(461) 1
(463) 1
(464) 1
(466) 1
(471) 1
(472) 1
(475) 1
(476) 1
(478) 1
(479) 1
(480) 4
(481) 1
(482) 1
(483) 1
(485) 1
(487) 3
(490) 2
(493) 1
(494) 4
(497) 2
(498) 3
(499) 2
(500) 1
(501) 1
(502) 2
(503) 2
(505) 2
(506) 1
(507) 1
(508) 1
(510) 2
(511) 1
(512) 2
(513) 2
(514) 1
(515) 1
(516) 1
(519) 3
(522) 2
(523) 1
(525) 1
(526) 2
(527) 2
(528) 3
(529) 1
(531) 1
(533) 1
(534) 4
(535) 2
(537) 2
(538) 2
(539) 2
(540) 1
(541) 2
(542) 1
(543) 1
(544) 1
(545) 1
(546) 2
(547) 2
(548) 3
(549) 1
(550) 1
(551) 1
(552) 2
(553) 2
(555) 1
(556) 2
(557) 2
(558) 1
(559) 1
(560) 3
(561) 3
(563) 1
(564) 2
(566) 1
(567) 1
(568) 1
(569) 2
(570) 1
(571) 3
(573) 2
(574) 3
(575) 2
(576) 3
(577) 3
(578) 4
(579) 1
(580) 1
(581) 4
(582) 4
(583) 6
(584) 1
(585) 3
(586) 4
(587) 3
(588) 2
(589) 3
(590) 6
(591) 3
(592) 4
(593) 6
(594) 5
(595) 5
(596) 4
(597) 2
(598) 8
(599) 4
(600) 2
(601) 4
(602) 4
(603) 6
(604) 5
(605) 6
(606) 9
(607) 11
(608) 5
(609) 10
(610) 5
(611) 7
(612) 6
(613) 11
(614) 5
(615) 9
(616) 5
(617) 7
(618) 7
(619) 8
(620) 7
(621) 10
(622) 12
(623) 12
(624) 6
(625) 7
(626) 15
(627) 10
(628) 12
(629) 11
(630) 2
(631) 12
(632) 14
(633) 6
(634) 7
(635) 13
(636) 19
(637) 13
(638) 18
(639) 12
(640) 10
(641) 10
(642) 11
(643) 13
(644) 10
(645) 9
(646) 11
(647) 7
(648) 8
(649) 10
(650) 10
(651) 14
(652) 9
(653) 10
(654) 8
(655) 4
(656) 4
(657) 11
(658) 10
(659) 7
(660) 3
(661) 8
(662) 3
(663) 6
(664) 6
(665) 4
(666) 1
(667) 2
(668) 5
(669) 3
(670) 4
(671) 5
(672) 2
(673) 4
(674) 2
(675) 1
(676) 2
(677) 1
(678) 1
(679) 2
(680) 1
(681) 1
(682) 2
(683) 4
(684) 1
(685) 1
(689) 1
(698) 1
(700) 1
(723) 1
(729) 1
(741) 1
(756) 1
(769) 1
(807) 1
(836) 1
(849) 1
(863) 1
(865) 1
(908) 1
(929) 1
(930) 1
(931) 2
(943) 1
(952) 1
(953) 1
(973) 1
(974) 1
(984) 1
(990) 1
(993) 1
(1018) 1
(1038) 1
(1044) 1
(1045) 1
(1085) 1
(1092) 1
(1122) 1
(1132) 1
(1141) 1
(1143) 1
(1150) 1
(1165) 1
(1174) 1
(1184) 1
(1186) 1
(1187) 1
(1200) 1
(1222) 1
(1244) 1
(1254) 1
(1258) 1
(1264) 1
(1275) 1
(1280) 1
(1302) 1
(1306) 1
(1311) 1
(1342) 1
(1357) 1
(1362) 1
(1371) 1
(1372) 1
(1382) 1
(1389) 1
(1399) 1
(1400) 1
(1402) 2
(1425) 1
(1437) 1
(1488) 1
(1489) 1
(1512) 1
(1524) 1
(1532) 1
(1547) 1
(1558) 1
(1562) 1
(1564) 1
(1592) 1
(1603) 1
(1604) 1
(1626) 1
(1629) 1
(1667) 1
(1682) 1
(1732) 1
(1736) 1
(1746) 1
(1757) 1
(1787) 1
(1804) 1
(1820) 1
(1821) 2
(1826) 1
(1843) 1
(1872) 1
(1894) 1
(1895) 1
(1915) 1
(1952) 1
(1971) 1
(1985) 1
(1986) 1
(2008) 1
(2020) 1
(2025) 1
(2033) 1
(2051) 1
(2059) 1
(2067) 1
(2069) 1
(2084) 1
(2158) 1
(2172) 1
(2181) 1
(2182) 1
(2199) 1
(2205) 1
(2210) 1
(2213) 1
(2217) 1
(2227) 1
(2236) 1
(2245) 1
(2263) 1
(2277) 1
(2278) 1
(2285) 1
(2302) 1
(2303) 1
(2326) 1
(2333) 1
(2339) 1
(2340) 1
(2366) 1
(2367) 1
(2370) 1
(2371) 1
(2407) 1
(2440) 1
(2479) 1
(2487) 1
(2534) 1
(2565) 1
(2574) 1
(2579) 1
(2586) 1
(2613) 1
(2620) 1
(2682) 1
(2741) 1
(2757) 1
(2769) 1
(2787) 1
(2788) 1
(2843) 1
(2847) 1
(2860) 1
(2886) 1
(2887) 1
(2896) 1
(2947) 1
(2957) 1
(2980) 1
(3034) 1
(3060) 1
(3086) 1
(3193) 1
(3222) 1
(3260) 1
(3263) 1
(3272) 1
(3273) 1
(3302) 1
(3332) 1
(3350) 1
(3354) 1
(3357) 1
(3447) 1
(3474) 1
(3493) 1
(3500) 1
(3717) 1
(3754) 1
(3763) 1
(3781) 1
(3841) 1
(3878) 1
(3896) 1
(3938) 1
(-1) -1
