"quadD_7" (4096)
Sun Jun  3 22:44:31 2007
 2
1 long 
("nero.quadrantD.6.energy")
(0 4095) 
--------------------------------------------
(96) 8931
(97) 7667
(98) 6673
(99) 5541
(100) 4878
(101) 4068
(102) 3503
(103) 2837
(104) 2268
(105) 1916
(106) 1577
(107) 1278
(108) 969
(109) 751
(110) 581
(111) 480
(112) 338
(113) 280
(114) 224
(115) 164
(116) 132
(117) 122
(118) 91
(119) 77
(120) 52
(121) 62
(122) 37
(123) 51
(124) 34
(125) 22
(126) 26
(127) 19
(128) 24
(129) 20
(130) 17
(131) 23
(132) 17
(133) 12
(134) 17
(135) 15
(136) 15
(137) 10
(138) 8
(139) 8
(140) 15
(141) 14
(142) 9
(143) 11
(144) 10
(145) 9
(146) 10
(147) 9
(148) 4
(149) 15
(150) 8
(151) 11
(152) 10
(153) 6
(154) 10
(155) 10
(156) 10
(157) 7
(158) 8
(159) 6
(160) 7
(161) 9
(162) 4
(163) 2
(164) 9
(165) 4
(166) 8
(167) 8
(168) 8
(169) 3
(170) 5
(171) 4
(172) 4
(173) 4
(174) 2
(175) 11
(176) 9
(177) 4
(178) 2
(179) 5
(180) 3
(181) 8
(182) 3
(183) 3
(184) 5
(185) 4
(186) 1
(187) 4
(188) 3
(189) 6
(190) 1
(191) 3
(193) 3
(194) 3
(195) 3
(196) 4
(197) 3
(198) 1
(199) 4
(200) 1
(202) 2
(203) 2
(204) 2
(205) 2
(206) 2
(207) 2
(208) 3
(209) 4
(210) 5
(211) 1
(212) 2
(213) 3
(214) 1
(215) 4
(218) 1
(219) 2
(220) 2
(221) 2
(222) 2
(224) 2
(225) 1
(226) 1
(227) 2
(228) 2
(231) 3
(233) 1
(234) 1
(235) 1
(236) 4
(238) 2
(239) 2
(240) 1
(242) 3
(243) 2
(244) 2
(245) 1
(246) 2
(247) 3
(248) 1
(251) 1
(253) 1
(254) 1
(256) 3
(257) 3
(258) 3
(260) 1
(264) 1
(265) 1
(266) 3
(268) 2
(269) 4
(271) 2
(272) 2
(273) 3
(275) 1
(277) 2
(278) 2
(279) 1
(281) 1
(282) 3
(283) 1
(284) 1
(285) 3
(286) 1
(287) 1
(288) 3
(289) 2
(290) 1
(291) 1
(292) 2
(293) 3
(294) 1
(295) 4
(296) 1
(297) 1
(298) 1
(299) 1
(301) 2
(302) 3
(303) 3
(305) 2
(307) 5
(309) 4
(310) 1
(311) 3
(314) 2
(315) 2
(316) 2
(317) 2
(320) 1
(323) 2
(324) 2
(326) 7
(327) 6
(330) 2
(331) 2
(332) 2
(333) 2
(334) 3
(336) 1
(337) 4
(338) 2
(341) 3
(342) 2
(343) 3
(344) 1
(346) 3
(347) 2
(348) 3
(349) 2
(350) 3
(351) 2
(352) 2
(353) 3
(354) 2
(355) 5
(356) 1
(357) 2
(358) 1
(359) 2
(360) 5
(361) 2
(362) 6
(363) 10
(364) 4
(365) 6
(366) 7
(367) 7
(368) 4
(369) 3
(370) 4
(371) 6
(372) 8
(373) 2
(374) 6
(375) 7
(376) 5
(377) 4
(378) 10
(379) 8
(380) 6
(381) 3
(382) 7
(383) 6
(384) 9
(385) 6
(386) 6
(387) 9
(388) 7
(389) 10
(390) 7
(391) 7
(392) 9
(393) 6
(394) 12
(395) 14
(396) 6
(397) 7
(398) 4
(399) 6
(400) 10
(401) 9
(402) 4
(403) 5
(404) 9
(405) 8
(406) 9
(407) 9
(408) 5
(409) 5
(410) 7
(411) 4
(412) 8
(413) 8
(414) 5
(415) 5
(416) 9
(417) 8
(418) 5
(419) 6
(420) 4
(421) 8
(422) 10
(423) 6
(424) 3
(425) 4
(426) 4
(427) 4
(428) 8
(429) 7
(430) 13
(431) 5
(432) 8
(433) 7
(434) 7
(435) 7
(436) 5
(437) 10
(438) 9
(439) 7
(440) 9
(441) 3
(442) 5
(443) 10
(444) 10
(445) 12
(446) 12
(447) 7
(448) 13
(449) 6
(450) 4
(451) 11
(452) 4
(453) 8
(454) 3
(455) 6
(456) 2
(457) 4
(458) 3
(459) 7
(460) 5
(461) 3
(462) 10
(463) 5
(464) 6
(465) 3
(466) 3
(467) 8
(468) 4
(469) 5
(470) 4
(471) 2
(472) 2
(473) 4
(474) 5
(475) 3
(476) 9
(477) 6
(478) 6
(479) 5
(480) 4
(481) 2
(482) 4
(483) 4
(484) 3
(485) 4
(486) 7
(487) 7
(488) 8
(489) 8
(490) 2
(491) 6
(492) 2
(493) 5
(494) 6
(495) 4
(496) 10
(497) 1
(498) 1
(499) 7
(500) 8
(501) 2
(502) 2
(503) 1
(504) 7
(505) 6
(506) 5
(507) 6
(508) 3
(509) 6
(510) 5
(511) 5
(512) 5
(513) 1
(514) 5
(515) 3
(516) 5
(517) 2
(518) 3
(519) 5
(520) 7
(521) 6
(522) 4
(523) 7
(524) 1
(525) 1
(526) 2
(527) 6
(528) 2
(529) 3
(531) 3
(532) 3
(533) 1
(534) 2
(535) 3
(536) 1
(537) 4
(538) 2
(539) 3
(540) 2
(541) 5
(542) 1
(543) 4
(546) 1
(547) 1
(548) 1
(549) 3
(550) 4
(553) 2
(556) 2
(557) 3
(558) 3
(560) 1
(561) 1
(562) 1
(563) 1
(566) 1
(567) 3
(573) 1
(574) 2
(575) 1
(581) 4
(585) 2
(586) 1
(587) 1
(588) 1
(590) 2
(591) 1
(592) 2
(594) 1
(595) 1
(596) 2
(598) 1
(599) 1
(600) 1
(601) 1
(602) 1
(603) 1
(605) 2
(606) 2
(607) 1
(608) 2
(610) 1
(611) 1
(612) 2
(613) 1
(614) 1
(616) 1
(620) 2
(621) 1
(622) 1
(623) 2
(628) 1
(629) 1
(630) 2
(631) 1
(632) 2
(633) 1
(635) 1
(636) 2
(639) 1
(640) 1
(643) 1
(644) 1
(646) 2
(649) 1
(650) 1
(654) 2
(656) 1
(662) 1
(665) 1
(667) 1
(671) 2
(672) 2
(673) 1
(674) 1
(676) 1
(677) 1
(678) 2
(679) 2
(681) 1
(685) 1
(686) 2
(687) 2
(688) 2
(690) 1
(691) 2
(695) 1
(696) 1
(697) 1
(700) 1
(702) 1
(705) 2
(706) 1
(707) 3
(708) 3
(709) 2
(710) 1
(711) 2
(712) 1
(714) 1
(717) 3
(718) 4
(719) 1
(720) 1
(721) 2
(722) 1
(723) 1
(727) 1
(730) 1
(731) 3
(732) 1
(736) 1
(737) 3
(738) 1
(742) 2
(744) 4
(746) 1
(747) 2
(748) 1
(749) 3
(750) 1
(754) 2
(758) 1
(764) 1
(766) 2
(767) 1
(768) 3
(769) 1
(772) 2
(774) 3
(775) 1
(777) 1
(781) 1
(782) 1
(783) 1
(784) 2
(785) 1
(786) 1
(790) 2
(792) 1
(793) 2
(794) 1
(796) 1
(799) 1
(801) 1
(802) 1
(803) 1
(804) 2
(805) 1
(806) 1
(812) 1
(813) 1
(815) 1
(817) 1
(819) 1
(822) 2
(824) 3
(825) 2
(826) 1
(828) 2
(830) 4
(831) 1
(833) 2
(834) 1
(835) 2
(837) 3
(839) 2
(841) 1
(842) 1
(843) 2
(844) 1
(845) 2
(846) 1
(849) 1
(850) 2
(851) 1
(852) 1
(854) 1
(857) 1
(859) 1
(860) 3
(863) 1
(865) 1
(867) 2
(870) 1
(872) 1
(874) 1
(876) 2
(877) 1
(880) 1
(885) 1
(888) 1
(890) 1
(891) 3
(892) 1
(895) 2
(896) 2
(900) 1
(902) 1
(903) 3
(906) 2
(909) 1
(910) 1
(912) 1
(914) 1
(920) 1
(921) 1
(923) 2
(924) 1
(925) 2
(926) 1
(928) 1
(930) 1
(931) 2
(937) 1
(938) 1
(939) 2
(940) 1
(942) 1
(943) 1
(944) 1
(946) 2
(948) 1
(949) 1
(950) 2
(952) 1
(953) 2
(957) 1
(958) 1
(964) 1
(965) 1
(966) 1
(969) 1
(972) 1
(974) 2
(977) 1
(978) 1
(980) 1
(981) 1
(983) 2
(986) 2
(989) 1
(992) 1
(993) 1
(994) 1
(1003) 1
(1004) 1
(1006) 2
(1009) 1
(1010) 1
(1012) 1
(1014) 2
(1015) 1
(1017) 2
(1018) 1
(1020) 1
(1026) 1
(1030) 1
(1031) 1
(1032) 1
(1033) 1
(1037) 1
(1039) 1
(1041) 3
(1042) 1
(1043) 2
(1044) 1
(1045) 1
(1046) 2
(1047) 1
(1049) 2
(1057) 1
(1063) 1
(1064) 1
(1067) 1
(1073) 1
(1074) 2
(1077) 3
(1084) 1
(1086) 2
(1091) 1
(1092) 1
(1095) 1
(1098) 1
(1102) 1
(1103) 1
(1109) 1
(1111) 1
(1113) 3
(1122) 1
(1125) 1
(1129) 1
(1134) 1
(1149) 1
(1152) 2
(1156) 2
(1158) 2
(1159) 1
(1160) 1
(1167) 1
(1169) 1
(1182) 1
(1185) 1
(1186) 1
(1196) 1
(1199) 1
(1201) 1
(1205) 1
(1212) 1
(1213) 1
(1217) 2
(1220) 1
(1244) 1
(1245) 1
(1246) 1
(1251) 1
(1258) 1
(1260) 1
(1281) 1
(1288) 1
(1297) 1
(1303) 1
(1304) 1
(1310) 1
(1316) 1
(1382) 1
(1390) 1
(1435) 1
(1454) 1
(1455) 1
(1458) 1
(1463) 1
(1465) 1
(1489) 1
(1503) 1
(1531) 1
(1535) 1
(1538) 1
(1562) 1
(1602) 1
(1605) 1
(1653) 1
(1724) 1
(1738) 1
(1756) 1
(1814) 1
(-1) -1
