"crs_qdc_00_energy" (4096)
Tue Jun 17 09:20:38 2008
 3
1 long 
("crs.qdc.0.energy")
(0 4096) 
--------------------------------------------
(13) 1
(17) 1
(23) 1
(30) 2
(34) 3
(38) 1
(39) 1
(41) 1
(42) 2
(43) 1
(45) 2
(46) 2
(47) 1
(48) 1
(49) 2
(51) 5
(52) 11
(53) 2838
(54) 74973
(55) 206112
(56) 419875
(57) 595242
(58) 836870
(59) 1472522
(60) 2297674
(61) 2415300
(62) 2660870
(63) 5503921
(64) 19456060
(65) 4739215
(66) 3811122
(67) 3498695
(68) 2989441
(69) 2469570
(70) 2692788
(71) 2703389
(72) 2898972
(73) 2779902
(74) 1750800
(75) 741133
(76) 164186
(77) 74352
(78) 67920
(79) 65363
(80) 63626
(81) 62550
(82) 60957
(83) 60321
(84) 59867
(85) 59645
(86) 59754
(87) 59157
(88) 59256
(89) 59740
(90) 59587
(91) 59987
(92) 59695
(93) 60702
(94) 60573
(95) 60917
(96) 62071
(97) 61679
(98) 62263
(99) 62964
(100) 62428
(101) 63283
(102) 63397
(103) 62826
(104) 63310
(105) 62786
(106) 63443
(107) 63045
(108) 62168
(109) 61940
(110) 61571
(111) 61018
(112) 60447
(113) 60121
(114) 59736
(115) 58694
(116) 57835
(117) 56900
(118) 56383
(119) 55354
(120) 54646
(121) 53656
(122) 52742
(123) 52111
(124) 50984
(125) 50221
(126) 49290
(127) 48577
(128) 47785
(129) 47420
(130) 46595
(131) 45722
(132) 45316
(133) 44481
(134) 43987
(135) 43437
(136) 42572
(137) 42317
(138) 41839
(139) 41300
(140) 40581
(141) 40219
(142) 40125
(143) 39514
(144) 39520
(145) 38942
(146) 38826
(147) 38129
(148) 38012
(149) 37528
(150) 37353
(151) 37240
(152) 36811
(153) 36583
(154) 36455
(155) 35954
(156) 35831
(157) 35314
(158) 35322
(159) 35310
(160) 35182
(161) 34559
(162) 35012
(163) 34364
(164) 34237
(165) 33733
(166) 33433
(167) 33889
(168) 33544
(169) 33379
(170) 33214
(171) 33180
(172) 33014
(173) 32894
(174) 32561
(175) 32412
(176) 32275
(177) 31797
(178) 31938
(179) 32107
(180) 31806
(181) 31614
(182) 31563
(183) 31115
(184) 31023
(185) 31409
(186) 31075
(187) 31167
(188) 30868
(189) 30865
(190) 30528
(191) 30707
(192) 30172
(193) 30352
(194) 30665
(195) 30730
(196) 30268
(197) 30256
(198) 30443
(199) 29873
(200) 30045
(201) 29888
(202) 30038
(203) 30076
(204) 29625
(205) 30262
(206) 29799
(207) 29941
(208) 29866
(209) 30024
(210) 30229
(211) 29654
(212) 29786
(213) 29685
(214) 29870
(215) 29922
(216) 29280
(217) 29894
(218) 29745
(219) 29491
(220) 29480
(221) 29532
(222) 29541
(223) 30033
(224) 29389
(225) 29897
(226) 29707
(227) 29747
(228) 29599
(229) 29623
(230) 29912
(231) 29825
(232) 29591
(233) 29720
(234) 29737
(235) 29852
(236) 29849
(237) 29887
(238) 30305
(239) 29997
(240) 29909
(241) 30033
(242) 30057
(243) 30418
(244) 30623
(245) 30223
(246) 30392
(247) 30177
(248) 30420
(249) 30308
(250) 30393
(251) 30440
(252) 30249
(253) 30410
(254) 30640
(255) 30465
(256) 30867
(257) 30801
(258) 30871
(259) 30683
(260) 30705
(261) 31159
(262) 31069
(263) 31228
(264) 31222
(265) 30960
(266) 30829
(267) 31148
(268) 31027
(269) 31468
(270) 31137
(271) 31602
(272) 31608
(273) 31706
(274) 32032
(275) 32263
(276) 31742
(277) 31825
(278) 31982
(279) 32114
(280) 31849
(281) 31945
(282) 32287
(283) 32289
(284) 32372
(285) 32312
(286) 32540
(287) 32399
(288) 32496
(289) 32747
(290) 32776
(291) 32650
(292) 32958
(293) 33141
(294) 33073
(295) 33162
(296) 33255
(297) 33585
(298) 33524
(299) 33418
(300) 33703
(301) 33191
(302) 33748
(303) 34070
(304) 33812
(305) 33904
(306) 34241
(307) 34079
(308) 34010
(309) 34229
(310) 34209
(311) 34489
(312) 34231
(313) 34601
(314) 34494
(315) 34865
(316) 34394
(317) 35023
(318) 35020
(319) 35243
(320) 35147
(321) 35040
(322) 35241
(323) 35392
(324) 35427
(325) 35571
(326) 35365
(327) 35542
(328) 35604
(329) 35495
(330) 35682
(331) 35688
(332) 36094
(333) 36113
(334) 36047
(335) 35795
(336) 35884
(337) 36288
(338) 36331
(339) 36312
(340) 36475
(341) 36624
(342) 36521
(343) 36546
(344) 36546
(345) 36575
(346) 36903
(347) 37064
(348) 36734
(349) 36806
(350) 37076
(351) 37445
(352) 37084
(353) 37358
(354) 37528
(355) 37596
(356) 37270
(357) 37430
(358) 37702
(359) 37339
(360) 37428
(361) 37521
(362) 37886
(363) 37732
(364) 37832
(365) 37984
(366) 37603
(367) 37956
(368) 38001
(369) 38238
(370) 38200
(371) 38210
(372) 37961
(373) 38112
(374) 38422
(375) 37819
(376) 38131
(377) 38358
(378) 38441
(379) 38232
(380) 38388
(381) 38722
(382) 38019
(383) 38441
(384) 38486
(385) 38490
(386) 38741
(387) 38755
(388) 39141
(389) 38707
(390) 38314
(391) 38588
(392) 38571
(393) 38772
(394) 38845
(395) 39091
(396) 38665
(397) 38509
(398) 38678
(399) 38409
(400) 38578
(401) 38950
(402) 39397
(403) 38844
(404) 38619
(405) 39145
(406) 38713
(407) 39041
(408) 39043
(409) 38976
(410) 38963
(411) 38990
(412) 39201
(413) 39325
(414) 39137
(415) 38964
(416) 39194
(417) 39510
(418) 39482
(419) 39260
(420) 39450
(421) 39273
(422) 38982
(423) 39088
(424) 39263
(425) 39184
(426) 39473
(427) 39237
(428) 39221
(429) 39414
(430) 38876
(431) 39646
(432) 40009
(433) 39541
(434) 39513
(435) 39217
(436) 39497
(437) 39148
(438) 39560
(439) 39371
(440) 39599
(441) 39874
(442) 39891
(443) 39608
(444) 39571
(445) 39491
(446) 39806
(447) 39857
(448) 39452
(449) 39898
(450) 40012
(451) 39804
(452) 39995
(453) 40003
(454) 39751
(455) 40063
(456) 39854
(457) 40045
(458) 39908
(459) 40140
(460) 39915
(461) 39892
(462) 40059
(463) 40064
(464) 39939
(465) 40172
(466) 40104
(467) 40127
(468) 40342
(469) 40200
(470) 40408
(471) 40096
(472) 39975
(473) 40291
(474) 40257
(475) 40537
(476) 40280
(477) 40286
(478) 40124
(479) 40357
(480) 40851
(481) 41009
(482) 40709
(483) 40452
(484) 40612
(485) 40284
(486) 40749
(487) 40466
(488) 40801
(489) 40486
(490) 40538
(491) 40850
(492) 40339
(493) 40755
(494) 40866
(495) 40549
(496) 40996
(497) 40672
(498) 40550
(499) 40866
(500) 41182
(501) 40937
(502) 40826
(503) 40742
(504) 40595
(505) 40856
(506) 41053
(507) 40811
(508) 40544
(509) 41229
(510) 41032
(511) 40829
(512) 41026
(513) 41360
(514) 41121
(515) 41555
(516) 41201
(517) 41292
(518) 41195
(519) 41177
(520) 41255
(521) 41498
(522) 41305
(523) 40975
(524) 41601
(525) 41337
(526) 40955
(527) 41410
(528) 41555
(529) 41499
(530) 41201
(531) 41660
(532) 41945
(533) 41484
(534) 41521
(535) 42033
(536) 41645
(537) 41540
(538) 41834
(539) 41539
(540) 41739
(541) 41396
(542) 41669
(543) 41861
(544) 41749
(545) 41672
(546) 42151
(547) 41558
(548) 41911
(549) 41455
(550) 41766
(551) 41578
(552) 41991
(553) 42050
(554) 41623
(555) 41723
(556) 41799
(557) 42226
(558) 42282
(559) 41955
(560) 42462
(561) 41731
(562) 42009
(563) 41615
(564) 42166
(565) 42011
(566) 41993
(567) 42186
(568) 41959
(569) 41996
(570) 41877
(571) 42192
(572) 42299
(573) 41710
(574) 42313
(575) 42104
(576) 42314
(577) 42080
(578) 42194
(579) 42102
(580) 42305
(581) 42162
(582) 41833
(583) 42102
(584) 41961
(585) 42454
(586) 41899
(587) 42431
(588) 42374
(589) 42087
(590) 42355
(591) 41887
(592) 41979
(593) 42300
(594) 42465
(595) 42261
(596) 42075
(597) 42397
(598) 41951
(599) 42217
(600) 42346
(601) 42032
(602) 42414
(603) 42307
(604) 41592
(605) 41551
(606) 42244
(607) 41838
(608) 41626
(609) 42056
(610) 41964
(611) 41840
(612) 42257
(613) 41851
(614) 41976
(615) 42229
(616) 41714
(617) 42014
(618) 41790
(619) 42172
(620) 41754
(621) 41873
(622) 42116
(623) 41868
(624) 42216
(625) 41575
(626) 41911
(627) 41507
(628) 42202
(629) 41781
(630) 41518
(631) 41651
(632) 41965
(633) 41585
(634) 41289
(635) 41427
(636) 41498
(637) 41607
(638) 41632
(639) 41423
(640) 41545
(641) 41280
(642) 41238
(643) 41172
(644) 41337
(645) 41152
(646) 41121
(647) 41463
(648) 40935
(649) 41374
(650) 41131
(651) 40864
(652) 40899
(653) 40747
(654) 40849
(655) 40883
(656) 41076
(657) 40811
(658) 40494
(659) 40521
(660) 40856
(661) 40632
(662) 40861
(663) 40683
(664) 40470
(665) 40250
(666) 40268
(667) 40206
(668) 40140
(669) 39979
(670) 40102
(671) 40142
(672) 40060
(673) 39905
(674) 39583
(675) 39803
(676) 40000
(677) 39670
(678) 39874
(679) 39754
(680) 39718
(681) 39551
(682) 39666
(683) 39300
(684) 39626
(685) 39233
(686) 39690
(687) 39224
(688) 39066
(689) 38949
(690) 39091
(691) 38982
(692) 38828
(693) 38844
(694) 38657
(695) 38601
(696) 38609
(697) 38434
(698) 39014
(699) 38661
(700) 38506
(701) 37886
(702) 38109
(703) 38605
(704) 37969
(705) 38288
(706) 38129
(707) 37648
(708) 37830
(709) 37724
(710) 37848
(711) 37579
(712) 37392
(713) 37443
(714) 37492
(715) 37161
(716) 37653
(717) 37392
(718) 37041
(719) 37079
(720) 36802
(721) 36766
(722) 36710
(723) 36734
(724) 36707
(725) 36494
(726) 36400
(727) 36422
(728) 35960
(729) 35971
(730) 36011
(731) 36103
(732) 36077
(733) 36199
(734) 36062
(735) 35827
(736) 35815
(737) 35496
(738) 35296
(739) 35450
(740) 35315
(741) 35217
(742) 35162
(743) 34871
(744) 35191
(745) 34547
(746) 34937
(747) 34547
(748) 34711
(749) 34947
(750) 34687
(751) 34837
(752) 34545
(753) 34576
(754) 34250
(755) 33918
(756) 34273
(757) 33937
(758) 33876
(759) 33716
(760) 33663
(761) 33339
(762) 33236
(763) 33196
(764) 33013
(765) 33115
(766) 33243
(767) 32712
(768) 32845
(769) 33059
(770) 32405
(771) 32940
(772) 32438
(773) 32278
(774) 32271
(775) 32200
(776) 32577
(777) 31983
(778) 32077
(779) 31965
(780) 31822
(781) 31470
(782) 31236
(783) 31607
(784) 31671
(785) 31411
(786) 31108
(787) 31234
(788) 31201
(789) 30368
(790) 30597
(791) 30629
(792) 30508
(793) 30337
(794) 30406
(795) 30352
(796) 30025
(797) 30330
(798) 30114
(799) 29566
(800) 30018
(801) 29695
(802) 29739
(803) 29853
(804) 29419
(805) 29085
(806) 29267
(807) 29291
(808) 29157
(809) 28999
(810) 28951
(811) 28528
(812) 28805
(813) 28517
(814) 28545
(815) 28330
(816) 28486
(817) 28149
(818) 28187
(819) 28119
(820) 28039
(821) 27760
(822) 27746
(823) 27440
(824) 27395
(825) 27698
(826) 27127
(827) 27177
(828) 26968
(829) 27130
(830) 27041
(831) 26807
(832) 26604
(833) 26438
(834) 26569
(835) 26276
(836) 26334
(837) 26263
(838) 26054
(839) 25793
(840) 25714
(841) 25918
(842) 25690
(843) 25607
(844) 25329
(845) 25432
(846) 25277
(847) 25142
(848) 25039
(849) 25153
(850) 25062
(851) 24920
(852) 25005
(853) 24732
(854) 24492
(855) 24380
(856) 23951
(857) 23990
(858) 24129
(859) 23897
(860) 24032
(861) 23618
(862) 23670
(863) 23789
(864) 23667
(865) 23262
(866) 23358
(867) 23370
(868) 23196
(869) 22963
(870) 22923
(871) 22878
(872) 22881
(873) 22635
(874) 22314
(875) 22512
(876) 22608
(877) 22437
(878) 22205
(879) 21865
(880) 21955
(881) 21978
(882) 21560
(883) 21988
(884) 21824
(885) 21541
(886) 21448
(887) 21429
(888) 21362
(889) 20910
(890) 21052
(891) 20996
(892) 20957
(893) 20648
(894) 20615
(895) 20511
(896) 20688
(897) 20497
(898) 20300
(899) 20120
(900) 20328
(901) 20076
(902) 20049
(903) 19784
(904) 20070
(905) 19497
(906) 19483
(907) 19515
(908) 19447
(909) 19263
(910) 19326
(911) 19073
(912) 19035
(913) 18998
(914) 18843
(915) 18620
(916) 18682
(917) 18710
(918) 18684
(919) 18520
(920) 18380
(921) 18282
(922) 18066
(923) 18136
(924) 18211
(925) 17994
(926) 18067
(927) 17942
(928) 17677
(929) 17583
(930) 17435
(931) 17302
(932) 17502
(933) 17196
(934) 17071
(935) 17276
(936) 17162
(937) 16841
(938) 16886
(939) 16873
(940) 16808
(941) 16568
(942) 16436
(943) 16396
(944) 16279
(945) 16463
(946) 16216
(947) 16312
(948) 16008
(949) 16061
(950) 15883
(951) 15684
(952) 15548
(953) 15643
(954) 15538
(955) 15476
(956) 15309
(957) 15158
(958) 15349
(959) 15293
(960) 15047
(961) 15318
(962) 14894
(963) 14933
(964) 14804
(965) 14559
(966) 14768
(967) 14463
(968) 14714
(969) 14502
(970) 14275
(971) 14145
(972) 14273
(973) 13922
(974) 14099
(975) 13955
(976) 13926
(977) 13742
(978) 13726
(979) 13765
(980) 13664
(981) 13405
(982) 13533
(983) 13521
(984) 13445
(985) 13334
(986) 13180
(987) 13098
(988) 12889
(989) 12792
(990) 12943
(991) 12869
(992) 12810
(993) 12705
(994) 12687
(995) 12499
(996) 12485
(997) 12340
(998) 12354
(999) 12481
(1000) 12241
(1001) 12186
(1002) 11848
(1003) 11960
(1004) 11814
(1005) 11891
(1006) 11792
(1007) 11642
(1008) 11629
(1009) 11554
(1010) 11463
(1011) 11425
(1012) 11448
(1013) 11383
(1014) 11300
(1015) 11283
(1016) 11116
(1017) 11162
(1018) 10961
(1019) 10930
(1020) 11017
(1021) 10655
(1022) 10774
(1023) 10598
(1024) 10566
(1025) 10527
(1026) 10595
(1027) 10552
(1028) 10484
(1029) 10263
(1030) 10177
(1031) 10249
(1032) 10333
(1033) 10188
(1034) 10174
(1035) 10067
(1036) 9939
(1037) 9894
(1038) 9872
(1039) 9959
(1040) 9966
(1041) 9626
(1042) 9620
(1043) 9557
(1044) 9418
(1045) 9533
(1046) 9318
(1047) 9369
(1048) 9240
(1049) 9370
(1050) 9160
(1051) 9079
(1052) 8987
(1053) 8953
(1054) 9039
(1055) 8964
(1056) 8779
(1057) 8837
(1058) 8846
(1059) 8773
(1060) 8556
(1061) 8585
(1062) 8468
(1063) 8473
(1064) 8420
(1065) 8228
(1066) 8177
(1067) 8253
(1068) 8225
(1069) 8135
(1070) 8061
(1071) 8066
(1072) 8094
(1073) 8081
(1074) 7872
(1075) 7924
(1076) 7988
(1077) 7779
(1078) 7725
(1079) 7654
(1080) 7642
(1081) 7665
(1082) 7378
(1083) 7438
(1084) 7315
(1085) 7674
(1086) 7191
(1087) 7451
(1088) 7196
(1089) 7314
(1090) 7353
(1091) 7082
(1092) 7076
(1093) 7048
(1094) 7067
(1095) 7075
(1096) 6973
(1097) 6740
(1098) 6815
(1099) 6813
(1100) 6609
(1101) 6623
(1102) 6619
(1103) 6539
(1104) 6583
(1105) 6526
(1106) 6510
(1107) 6397
(1108) 6322
(1109) 6443
(1110) 6284
(1111) 6199
(1112) 6251
(1113) 6153
(1114) 6086
(1115) 6104
(1116) 5961
(1117) 6056
(1118) 5912
(1119) 5952
(1120) 5891
(1121) 5909
(1122) 5869
(1123) 5838
(1124) 5854
(1125) 5701
(1126) 5617
(1127) 5512
(1128) 5505
(1129) 5588
(1130) 5503
(1131) 5519
(1132) 5391
(1133) 5454
(1134) 5429
(1135) 5363
(1136) 5245
(1137) 5230
(1138) 5310
(1139) 5238
(1140) 5123
(1141) 5120
(1142) 5066
(1143) 5039
(1144) 4973
(1145) 5026
(1146) 4946
(1147) 4893
(1148) 5056
(1149) 4872
(1150) 4788
(1151) 4887
(1152) 4771
(1153) 4615
(1154) 4686
(1155) 4701
(1156) 4726
(1157) 4563
(1158) 4561
(1159) 4570
(1160) 4548
(1161) 4532
(1162) 4500
(1163) 4391
(1164) 4276
(1165) 4399
(1166) 4266
(1167) 4303
(1168) 4306
(1169) 4280
(1170) 4192
(1171) 4112
(1172) 4228
(1173) 4130
(1174) 4126
(1175) 4074
(1176) 4042
(1177) 4085
(1178) 4026
(1179) 3959
(1180) 3995
(1181) 3994
(1182) 3827
(1183) 3890
(1184) 3820
(1185) 3782
(1186) 3748
(1187) 3730
(1188) 3773
(1189) 3651
(1190) 3722
(1191) 3633
(1192) 3621
(1193) 3646
(1194) 3546
(1195) 3454
(1196) 3550
(1197) 3588
(1198) 3514
(1199) 3433
(1200) 3462
(1201) 3411
(1202) 3323
(1203) 3312
(1204) 3335
(1205) 3355
(1206) 3269
(1207) 3200
(1208) 3246
(1209) 3249
(1210) 3157
(1211) 3124
(1212) 3231
(1213) 3098
(1214) 3178
(1215) 3047
(1216) 2988
(1217) 3113
(1218) 3060
(1219) 3072
(1220) 3011
(1221) 3040
(1222) 2933
(1223) 2932
(1224) 2968
(1225) 2860
(1226) 2851
(1227) 2824
(1228) 2783
(1229) 2811
(1230) 2834
(1231) 2661
(1232) 2616
(1233) 2730
(1234) 2691
(1235) 2626
(1236) 2779
(1237) 2604
(1238) 2633
(1239) 2691
(1240) 2568
(1241) 2470
(1242) 2441
(1243) 2548
(1244) 2589
(1245) 2426
(1246) 2478
(1247) 2528
(1248) 2478
(1249) 2458
(1250) 2356
(1251) 2378
(1252) 2414
(1253) 2434
(1254) 2315
(1255) 2262
(1256) 2229
(1257) 2229
(1258) 2248
(1259) 2342
(1260) 2248
(1261) 2249
(1262) 2208
(1263) 2207
(1264) 2196
(1265) 2097
(1266) 2120
(1267) 2107
(1268) 2045
(1269) 2055
(1270) 2092
(1271) 2075
(1272) 2046
(1273) 2029
(1274) 2026
(1275) 1958
(1276) 1979
(1277) 2028
(1278) 2023
(1279) 1965
(1280) 1943
(1281) 1959
(1282) 1877
(1283) 1801
(1284) 1901
(1285) 1846
(1286) 1785
(1287) 1825
(1288) 1807
(1289) 1822
(1290) 1811
(1291) 1773
(1292) 1747
(1293) 1773
(1294) 1785
(1295) 1686
(1296) 1731
(1297) 1738
(1298) 1601
(1299) 1627
(1300) 1677
(1301) 1573
(1302) 1645
(1303) 1580
(1304) 1624
(1305) 1606
(1306) 1628
(1307) 1613
(1308) 1650
(1309) 1488
(1310) 1574
(1311) 1578
(1312) 1556
(1313) 1521
(1314) 1516
(1315) 1477
(1316) 1433
(1317) 1416
(1318) 1499
(1319) 1540
(1320) 1414
(1321) 1433
(1322) 1421
(1323) 1438
(1324) 1393
(1325) 1348
(1326) 1371
(1327) 1359
(1328) 1311
(1329) 1364
(1330) 1293
(1331) 1324
(1332) 1302
(1333) 1386
(1334) 1224
(1335) 1309
(1336) 1279
(1337) 1255
(1338) 1285
(1339) 1282
(1340) 1300
(1341) 1220
(1342) 1243
(1343) 1134
(1344) 1192
(1345) 1235
(1346) 1239
(1347) 1229
(1348) 1096
(1349) 1139
(1350) 1196
(1351) 1117
(1352) 1110
(1353) 1115
(1354) 1119
(1355) 1067
(1356) 1152
(1357) 1152
(1358) 979
(1359) 1052
(1360) 1051
(1361) 1026
(1362) 1031
(1363) 1012
(1364) 1053
(1365) 1038
(1366) 1059
(1367) 994
(1368) 950
(1369) 998
(1370) 959
(1371) 991
(1372) 971
(1373) 1024
(1374) 950
(1375) 942
(1376) 908
(1377) 963
(1378) 913
(1379) 845
(1380) 941
(1381) 869
(1382) 891
(1383) 900
(1384) 862
(1385) 859
(1386) 873
(1387) 848
(1388) 881
(1389) 877
(1390) 844
(1391) 819
(1392) 863
(1393) 829
(1394) 889
(1395) 846
(1396) 780
(1397) 828
(1398) 835
(1399) 834
(1400) 806
(1401) 785
(1402) 750
(1403) 747
(1404) 730
(1405) 768
(1406) 742
(1407) 783
(1408) 694
(1409) 765
(1410) 746
(1411) 715
(1412) 715
(1413) 676
(1414) 716
(1415) 671
(1416) 688
(1417) 699
(1418) 689
(1419) 649
(1420) 686
(1421) 635
(1422) 640
(1423) 638
(1424) 701
(1425) 691
(1426) 684
(1427) 659
(1428) 608
(1429) 672
(1430) 607
(1431) 620
(1432) 615
(1433) 654
(1434) 600
(1435) 605
(1436) 600
(1437) 613
(1438) 563
(1439) 557
(1440) 597
(1441) 605
(1442) 533
(1443) 564
(1444) 581
(1445) 565
(1446) 573
(1447) 567
(1448) 531
(1449) 574
(1450) 532
(1451) 505
(1452) 518
(1453) 517
(1454) 511
(1455) 514
(1456) 520
(1457) 532
(1458) 545
(1459) 556
(1460) 499
(1461) 520
(1462) 526
(1463) 494
(1464) 496
(1465) 506
(1466) 488
(1467) 476
(1468) 483
(1469) 465
(1470) 489
(1471) 441
(1472) 471
(1473) 467
(1474) 435
(1475) 444
(1476) 429
(1477) 413
(1478) 415
(1479) 419
(1480) 395
(1481) 433
(1482) 438
(1483) 433
(1484) 363
(1485) 403
(1486) 416
(1487) 439
(1488) 399
(1489) 389
(1490) 398
(1491) 390
(1492) 403
(1493) 359
(1494) 389
(1495) 369
(1496) 390
(1497) 410
(1498) 372
(1499) 354
(1500) 349
(1501) 379
(1502) 367
(1503) 362
(1504) 335
(1505) 375
(1506) 372
(1507) 307
(1508) 337
(1509) 340
(1510) 322
(1511) 353
(1512) 341
(1513) 356
(1514) 329
(1515) 351
(1516) 331
(1517) 336
(1518) 332
(1519) 332
(1520) 315
(1521) 317
(1522) 285
(1523) 309
(1524) 319
(1525) 283
(1526) 321
(1527) 339
(1528) 311
(1529) 265
(1530) 303
(1531) 304
(1532) 262
(1533) 295
(1534) 299
(1535) 298
(1536) 315
(1537) 301
(1538) 266
(1539) 266
(1540) 268
(1541) 278
(1542) 300
(1543) 244
(1544) 303
(1545) 253
(1546) 261
(1547) 286
(1548) 278
(1549) 258
(1550) 239
(1551) 265
(1552) 240
(1553) 246
(1554) 277
(1555) 234
(1556) 241
(1557) 249
(1558) 225
(1559) 247
(1560) 252
(1561) 236
(1562) 232
(1563) 220
(1564) 250
(1565) 252
(1566) 230
(1567) 217
(1568) 223
(1569) 227
(1570) 207
(1571) 202
(1572) 214
(1573) 228
(1574) 235
(1575) 201
(1576) 215
(1577) 232
(1578) 239
(1579) 213
(1580) 196
(1581) 239
(1582) 215
(1583) 193
(1584) 214
(1585) 211
(1586) 213
(1587) 189
(1588) 184
(1589) 181
(1590) 204
(1591) 218
(1592) 195
(1593) 171
(1594) 168
(1595) 177
(1596) 203
(1597) 199
(1598) 190
(1599) 192
(1600) 173
(1601) 175
(1602) 200
(1603) 188
(1604) 167
(1605) 168
(1606) 178
(1607) 180
(1608) 170
(1609) 188
(1610) 162
(1611) 191
(1612) 166
(1613) 130
(1614) 171
(1615) 172
(1616) 177
(1617) 152
(1618) 155
(1619) 169
(1620) 162
(1621) 163
(1622) 155
(1623) 159
(1624) 142
(1625) 166
(1626) 145
(1627) 166
(1628) 167
(1629) 126
(1630) 159
(1631) 154
(1632) 145
(1633) 123
(1634) 157
(1635) 154
(1636) 144
(1637) 153
(1638) 139
(1639) 147
(1640) 133
(1641) 156
(1642) 157
(1643) 126
(1644) 141
(1645) 143
(1646) 133
(1647) 130
(1648) 141
(1649) 129
(1650) 139
(1651) 133
(1652) 125
(1653) 132
(1654) 133
(1655) 98
(1656) 128
(1657) 119
(1658) 114
(1659) 130
(1660) 112
(1661) 116
(1662) 125
(1663) 111
(1664) 111
(1665) 120
(1666) 124
(1667) 130
(1668) 122
(1669) 117
(1670) 123
(1671) 121
(1672) 112
(1673) 114
(1674) 114
(1675) 102
(1676) 129
(1677) 118
(1678) 113
(1679) 105
(1680) 96
(1681) 105
(1682) 124
(1683) 115
(1684) 112
(1685) 109
(1686) 112
(1687) 115
(1688) 106
(1689) 99
(1690) 113
(1691) 101
(1692) 104
(1693) 98
(1694) 116
(1695) 89
(1696) 100
(1697) 100
(1698) 83
(1699) 97
(1700) 109
(1701) 87
(1702) 93
(1703) 101
(1704) 99
(1705) 88
(1706) 95
(1707) 100
(1708) 95
(1709) 94
(1710) 101
(1711) 71
(1712) 84
(1713) 110
(1714) 80
(1715) 90
(1716) 81
(1717) 92
(1718) 85
(1719) 79
(1720) 98
(1721) 78
(1722) 104
(1723) 97
(1724) 83
(1725) 94
(1726) 103
(1727) 81
(1728) 76
(1729) 104
(1730) 81
(1731) 84
(1732) 82
(1733) 82
(1734) 86
(1735) 93
(1736) 91
(1737) 75
(1738) 82
(1739) 79
(1740) 77
(1741) 82
(1742) 88
(1743) 81
(1744) 65
(1745) 73
(1746) 79
(1747) 87
(1748) 79
(1749) 88
(1750) 79
(1751) 63
(1752) 76
(1753) 67
(1754) 76
(1755) 66
(1756) 80
(1757) 76
(1758) 86
(1759) 71
(1760) 82
(1761) 70
(1762) 90
(1763) 70
(1764) 70
(1765) 74
(1766) 76
(1767) 86
(1768) 59
(1769) 76
(1770) 66
(1771) 79
(1772) 78
(1773) 74
(1774) 71
(1775) 65
(1776) 63
(1777) 91
(1778) 58
(1779) 94
(1780) 62
(1781) 64
(1782) 82
(1783) 60
(1784) 70
(1785) 67
(1786) 80
(1787) 64
(1788) 71
(1789) 72
(1790) 55
(1791) 72
(1792) 62
(1793) 65
(1794) 67
(1795) 60
(1796) 65
(1797) 53
(1798) 74
(1799) 56
(1800) 79
(1801) 74
(1802) 70
(1803) 66
(1804) 50
(1805) 62
(1806) 65
(1807) 76
(1808) 62
(1809) 85
(1810) 68
(1811) 68
(1812) 76
(1813) 59
(1814) 74
(1815) 60
(1816) 63
(1817) 79
(1818) 58
(1819) 56
(1820) 61
(1821) 60
(1822) 67
(1823) 50
(1824) 60
(1825) 62
(1826) 54
(1827) 63
(1828) 63
(1829) 62
(1830) 52
(1831) 58
(1832) 70
(1833) 54
(1834) 70
(1835) 63
(1836) 66
(1837) 57
(1838) 61
(1839) 54
(1840) 51
(1841) 58
(1842) 69
(1843) 60
(1844) 63
(1845) 72
(1846) 63
(1847) 52
(1848) 57
(1849) 71
(1850) 49
(1851) 61
(1852) 51
(1853) 70
(1854) 59
(1855) 58
(1856) 52
(1857) 69
(1858) 61
(1859) 44
(1860) 61
(1861) 41
(1862) 51
(1863) 71
(1864) 50
(1865) 52
(1866) 54
(1867) 59
(1868) 53
(1869) 50
(1870) 67
(1871) 56
(1872) 48
(1873) 58
(1874) 64
(1875) 53
(1876) 53
(1877) 59
(1878) 67
(1879) 58
(1880) 50
(1881) 43
(1882) 51
(1883) 46
(1884) 52
(1885) 43
(1886) 58
(1887) 50
(1888) 41
(1889) 44
(1890) 59
(1891) 41
(1892) 53
(1893) 49
(1894) 50
(1895) 63
(1896) 54
(1897) 43
(1898) 46
(1899) 47
(1900) 49
(1901) 53
(1902) 61
(1903) 48
(1904) 36
(1905) 39
(1906) 54
(1907) 56
(1908) 61
(1909) 48
(1910) 47
(1911) 57
(1912) 49
(1913) 38
(1914) 39
(1915) 42
(1916) 30
(1917) 52
(1918) 53
(1919) 36
(1920) 52
(1921) 50
(1922) 49
(1923) 51
(1924) 46
(1925) 50
(1926) 42
(1927) 52
(1928) 52
(1929) 45
(1930) 42
(1931) 56
(1932) 46
(1933) 48
(1934) 60
(1935) 46
(1936) 46
(1937) 54
(1938) 41
(1939) 53
(1940) 50
(1941) 55
(1942) 46
(1943) 46
(1944) 51
(1945) 46
(1946) 61
(1947) 37
(1948) 55
(1949) 38
(1950) 40
(1951) 57
(1952) 46
(1953) 55
(1954) 54
(1955) 38
(1956) 50
(1957) 50
(1958) 50
(1959) 57
(1960) 45
(1961) 43
(1962) 43
(1963) 53
(1964) 45
(1965) 41
(1966) 52
(1967) 53
(1968) 51
(1969) 42
(1970) 41
(1971) 35
(1972) 46
(1973) 36
(1974) 44
(1975) 44
(1976) 53
(1977) 53
(1978) 40
(1979) 61
(1980) 52
(1981) 47
(1982) 44
(1983) 47
(1984) 54
(1985) 49
(1986) 49
(1987) 41
(1988) 40
(1989) 45
(1990) 52
(1991) 38
(1992) 52
(1993) 48
(1994) 72
(1995) 42
(1996) 50
(1997) 51
(1998) 51
(1999) 38
(2000) 39
(2001) 52
(2002) 44
(2003) 52
(2004) 45
(2005) 40
(2006) 41
(2007) 44
(2008) 34
(2009) 40
(2010) 45
(2011) 46
(2012) 38
(2013) 52
(2014) 40
(2015) 47
(2016) 64
(2017) 47
(2018) 40
(2019) 34
(2020) 36
(2021) 47
(2022) 51
(2023) 47
(2024) 37
(2025) 43
(2026) 42
(2027) 43
(2028) 44
(2029) 49
(2030) 51
(2031) 55
(2032) 44
(2033) 45
(2034) 46
(2035) 40
(2036) 31
(2037) 51
(2038) 42
(2039) 34
(2040) 45
(2041) 39
(2042) 46
(2043) 43
(2044) 39
(2045) 43
(2046) 48
(2047) 46
(2048) 37
(2049) 51
(2050) 45
(2051) 52
(2052) 36
(2053) 38
(2054) 37
(2055) 35
(2056) 50
(2057) 37
(2058) 40
(2059) 48
(2060) 44
(2061) 54
(2062) 41
(2063) 48
(2064) 43
(2065) 54
(2066) 52
(2067) 38
(2068) 47
(2069) 40
(2070) 46
(2071) 28
(2072) 50
(2073) 42
(2074) 31
(2075) 44
(2076) 47
(2077) 44
(2078) 41
(2079) 43
(2080) 36
(2081) 35
(2082) 61
(2083) 38
(2084) 44
(2085) 35
(2086) 47
(2087) 57
(2088) 45
(2089) 54
(2090) 28
(2091) 32
(2092) 47
(2093) 42
(2094) 33
(2095) 58
(2096) 54
(2097) 37
(2098) 36
(2099) 47
(2100) 39
(2101) 45
(2102) 40
(2103) 38
(2104) 43
(2105) 49
(2106) 45
(2107) 29
(2108) 41
(2109) 57
(2110) 49
(2111) 43
(2112) 35
(2113) 62
(2114) 50
(2115) 38
(2116) 37
(2117) 51
(2118) 42
(2119) 48
(2120) 26
(2121) 39
(2122) 34
(2123) 40
(2124) 43
(2125) 45
(2126) 40
(2127) 51
(2128) 51
(2129) 42
(2130) 33
(2131) 47
(2132) 42
(2133) 42
(2134) 50
(2135) 46
(2136) 42
(2137) 47
(2138) 48
(2139) 44
(2140) 46
(2141) 52
(2142) 47
(2143) 58
(2144) 37
(2145) 48
(2146) 42
(2147) 51
(2148) 57
(2149) 39
(2150) 40
(2151) 37
(2152) 46
(2153) 48
(2154) 47
(2155) 46
(2156) 43
(2157) 43
(2158) 50
(2159) 49
(2160) 37
(2161) 36
(2162) 39
(2163) 47
(2164) 47
(2165) 42
(2166) 45
(2167) 43
(2168) 40
(2169) 52
(2170) 47
(2171) 35
(2172) 44
(2173) 37
(2174) 44
(2175) 49
(2176) 41
(2177) 45
(2178) 38
(2179) 51
(2180) 56
(2181) 41
(2182) 39
(2183) 50
(2184) 56
(2185) 37
(2186) 39
(2187) 31
(2188) 36
(2189) 40
(2190) 33
(2191) 37
(2192) 50
(2193) 45
(2194) 37
(2195) 40
(2196) 36
(2197) 55
(2198) 39
(2199) 35
(2200) 30
(2201) 44
(2202) 44
(2203) 49
(2204) 34
(2205) 42
(2206) 53
(2207) 36
(2208) 40
(2209) 39
(2210) 46
(2211) 35
(2212) 46
(2213) 43
(2214) 51
(2215) 44
(2216) 35
(2217) 45
(2218) 39
(2219) 32
(2220) 36
(2221) 44
(2222) 37
(2223) 43
(2224) 48
(2225) 41
(2226) 45
(2227) 33
(2228) 40
(2229) 37
(2230) 34
(2231) 55
(2232) 48
(2233) 48
(2234) 31
(2235) 35
(2236) 38
(2237) 34
(2238) 35
(2239) 35
(2240) 36
(2241) 40
(2242) 46
(2243) 35
(2244) 31
(2245) 36
(2246) 31
(2247) 37
(2248) 53
(2249) 39
(2250) 41
(2251) 51
(2252) 46
(2253) 41
(2254) 42
(2255) 39
(2256) 52
(2257) 35
(2258) 48
(2259) 51
(2260) 45
(2261) 31
(2262) 47
(2263) 44
(2264) 34
(2265) 46
(2266) 39
(2267) 39
(2268) 39
(2269) 42
(2270) 40
(2271) 38
(2272) 45
(2273) 55
(2274) 37
(2275) 51
(2276) 38
(2277) 37
(2278) 54
(2279) 32
(2280) 46
(2281) 38
(2282) 48
(2283) 49
(2284) 54
(2285) 53
(2286) 41
(2287) 49
(2288) 50
(2289) 33
(2290) 33
(2291) 37
(2292) 49
(2293) 40
(2294) 34
(2295) 35
(2296) 43
(2297) 39
(2298) 34
(2299) 58
(2300) 38
(2301) 50
(2302) 43
(2303) 35
(2304) 36
(2305) 44
(2306) 32
(2307) 46
(2308) 29
(2309) 51
(2310) 44
(2311) 37
(2312) 45
(2313) 35
(2314) 42
(2315) 43
(2316) 45
(2317) 47
(2318) 33
(2319) 49
(2320) 50
(2321) 39
(2322) 45
(2323) 42
(2324) 35
(2325) 37
(2326) 37
(2327) 46
(2328) 49
(2329) 36
(2330) 45
(2331) 31
(2332) 47
(2333) 32
(2334) 45
(2335) 48
(2336) 36
(2337) 41
(2338) 37
(2339) 43
(2340) 44
(2341) 42
(2342) 48
(2343) 34
(2344) 41
(2345) 47
(2346) 37
(2347) 32
(2348) 31
(2349) 36
(2350) 46
(2351) 28
(2352) 48
(2353) 44
(2354) 39
(2355) 40
(2356) 41
(2357) 48
(2358) 45
(2359) 41
(2360) 50
(2361) 34
(2362) 35
(2363) 51
(2364) 44
(2365) 40
(2366) 39
(2367) 45
(2368) 42
(2369) 48
(2370) 47
(2371) 48
(2372) 48
(2373) 42
(2374) 44
(2375) 37
(2376) 40
(2377) 41
(2378) 43
(2379) 41
(2380) 38
(2381) 44
(2382) 47
(2383) 49
(2384) 42
(2385) 50
(2386) 52
(2387) 37
(2388) 35
(2389) 50
(2390) 44
(2391) 53
(2392) 33
(2393) 42
(2394) 37
(2395) 51
(2396) 45
(2397) 39
(2398) 55
(2399) 39
(2400) 50
(2401) 44
(2402) 40
(2403) 33
(2404) 37
(2405) 32
(2406) 46
(2407) 34
(2408) 40
(2409) 36
(2410) 43
(2411) 37
(2412) 50
(2413) 44
(2414) 26
(2415) 34
(2416) 37
(2417) 39
(2418) 42
(2419) 48
(2420) 51
(2421) 40
(2422) 37
(2423) 42
(2424) 33
(2425) 49
(2426) 45
(2427) 41
(2428) 42
(2429) 37
(2430) 45
(2431) 42
(2432) 42
(2433) 35
(2434) 36
(2435) 37
(2436) 48
(2437) 43
(2438) 46
(2439) 42
(2440) 46
(2441) 43
(2442) 35
(2443) 52
(2444) 57
(2445) 45
(2446) 40
(2447) 46
(2448) 48
(2449) 45
(2450) 39
(2451) 51
(2452) 34
(2453) 46
(2454) 49
(2455) 33
(2456) 38
(2457) 47
(2458) 34
(2459) 45
(2460) 54
(2461) 43
(2462) 30
(2463) 38
(2464) 35
(2465) 32
(2466) 54
(2467) 43
(2468) 20
(2469) 40
(2470) 51
(2471) 28
(2472) 26
(2473) 48
(2474) 47
(2475) 49
(2476) 39
(2477) 45
(2478) 35
(2479) 41
(2480) 42
(2481) 36
(2482) 44
(2483) 42
(2484) 50
(2485) 33
(2486) 43
(2487) 44
(2488) 39
(2489) 37
(2490) 34
(2491) 33
(2492) 36
(2493) 41
(2494) 35
(2495) 39
(2496) 44
(2497) 37
(2498) 49
(2499) 48
(2500) 42
(2501) 50
(2502) 38
(2503) 39
(2504) 36
(2505) 45
(2506) 45
(2507) 36
(2508) 51
(2509) 40
(2510) 35
(2511) 49
(2512) 42
(2513) 40
(2514) 38
(2515) 53
(2516) 37
(2517) 34
(2518) 39
(2519) 40
(2520) 40
(2521) 41
(2522) 37
(2523) 35
(2524) 48
(2525) 33
(2526) 45
(2527) 41
(2528) 30
(2529) 46
(2530) 45
(2531) 36
(2532) 31
(2533) 39
(2534) 46
(2535) 52
(2536) 46
(2537) 29
(2538) 34
(2539) 44
(2540) 36
(2541) 55
(2542) 44
(2543) 39
(2544) 39
(2545) 37
(2546) 48
(2547) 48
(2548) 33
(2549) 31
(2550) 46
(2551) 46
(2552) 46
(2553) 27
(2554) 50
(2555) 25
(2556) 34
(2557) 41
(2558) 33
(2559) 48
(2560) 43
(2561) 43
(2562) 36
(2563) 34
(2564) 41
(2565) 42
(2566) 34
(2567) 47
(2568) 39
(2569) 49
(2570) 31
(2571) 39
(2572) 37
(2573) 50
(2574) 39
(2575) 40
(2576) 37
(2577) 46
(2578) 37
(2579) 38
(2580) 39
(2581) 53
(2582) 37
(2583) 31
(2584) 33
(2585) 56
(2586) 32
(2587) 28
(2588) 44
(2589) 42
(2590) 44
(2591) 33
(2592) 48
(2593) 36
(2594) 38
(2595) 35
(2596) 39
(2597) 41
(2598) 31
(2599) 34
(2600) 31
(2601) 35
(2602) 27
(2603) 29
(2604) 40
(2605) 33
(2606) 36
(2607) 32
(2608) 39
(2609) 41
(2610) 24
(2611) 28
(2612) 34
(2613) 45
(2614) 39
(2615) 46
(2616) 27
(2617) 36
(2618) 46
(2619) 27
(2620) 49
(2621) 40
(2622) 41
(2623) 29
(2624) 49
(2625) 40
(2626) 34
(2627) 37
(2628) 36
(2629) 34
(2630) 48
(2631) 46
(2632) 35
(2633) 31
(2634) 36
(2635) 36
(2636) 45
(2637) 33
(2638) 42
(2639) 29
(2640) 41
(2641) 42
(2642) 37
(2643) 42
(2644) 36
(2645) 22
(2646) 32
(2647) 37
(2648) 25
(2649) 39
(2650) 46
(2651) 26
(2652) 39
(2653) 39
(2654) 34
(2655) 44
(2656) 29
(2657) 52
(2658) 24
(2659) 46
(2660) 38
(2661) 35
(2662) 35
(2663) 33
(2664) 32
(2665) 20
(2666) 43
(2667) 30
(2668) 27
(2669) 40
(2670) 27
(2671) 27
(2672) 38
(2673) 37
(2674) 41
(2675) 28
(2676) 39
(2677) 39
(2678) 46
(2679) 34
(2680) 31
(2681) 37
(2682) 31
(2683) 42
(2684) 32
(2685) 40
(2686) 34
(2687) 44
(2688) 32
(2689) 36
(2690) 38
(2691) 46
(2692) 38
(2693) 34
(2694) 31
(2695) 24
(2696) 36
(2697) 26
(2698) 42
(2699) 37
(2700) 23
(2701) 34
(2702) 51
(2703) 39
(2704) 46
(2705) 43
(2706) 44
(2707) 35
(2708) 27
(2709) 37
(2710) 41
(2711) 35
(2712) 37
(2713) 42
(2714) 33
(2715) 37
(2716) 34
(2717) 32
(2718) 44
(2719) 29
(2720) 33
(2721) 32
(2722) 38
(2723) 34
(2724) 31
(2725) 33
(2726) 41
(2727) 44
(2728) 34
(2729) 30
(2730) 35
(2731) 42
(2732) 38
(2733) 41
(2734) 33
(2735) 30
(2736) 37
(2737) 40
(2738) 42
(2739) 42
(2740) 27
(2741) 44
(2742) 34
(2743) 26
(2744) 38
(2745) 40
(2746) 38
(2747) 42
(2748) 38
(2749) 39
(2750) 33
(2751) 32
(2752) 47
(2753) 37
(2754) 35
(2755) 41
(2756) 37
(2757) 27
(2758) 28
(2759) 36
(2760) 37
(2761) 35
(2762) 47
(2763) 24
(2764) 34
(2765) 28
(2766) 32
(2767) 47
(2768) 39
(2769) 28
(2770) 44
(2771) 33
(2772) 35
(2773) 33
(2774) 32
(2775) 35
(2776) 36
(2777) 37
(2778) 30
(2779) 30
(2780) 44
(2781) 33
(2782) 33
(2783) 38
(2784) 39
(2785) 40
(2786) 34
(2787) 48
(2788) 38
(2789) 42
(2790) 29
(2791) 39
(2792) 35
(2793) 46
(2794) 38
(2795) 38
(2796) 32
(2797) 39
(2798) 41
(2799) 26
(2800) 39
(2801) 35
(2802) 38
(2803) 39
(2804) 27
(2805) 37
(2806) 27
(2807) 39
(2808) 30
(2809) 26
(2810) 51
(2811) 42
(2812) 38
(2813) 37
(2814) 40
(2815) 34
(2816) 24
(2817) 39
(2818) 36
(2819) 26
(2820) 35
(2821) 44
(2822) 27
(2823) 32
(2824) 27
(2825) 37
(2826) 24
(2827) 32
(2828) 27
(2829) 24
(2830) 38
(2831) 31
(2832) 30
(2833) 30
(2834) 35
(2835) 22
(2836) 49
(2837) 31
(2838) 39
(2839) 31
(2840) 28
(2841) 35
(2842) 28
(2843) 38
(2844) 37
(2845) 34
(2846) 30
(2847) 25
(2848) 41
(2849) 32
(2850) 35
(2851) 32
(2852) 26
(2853) 39
(2854) 30
(2855) 31
(2856) 30
(2857) 31
(2858) 32
(2859) 33
(2860) 31
(2861) 35
(2862) 40
(2863) 24
(2864) 36
(2865) 36
(2866) 29
(2867) 25
(2868) 39
(2869) 37
(2870) 33
(2871) 24
(2872) 30
(2873) 34
(2874) 40
(2875) 27
(2876) 28
(2877) 33
(2878) 39
(2879) 38
(2880) 38
(2881) 33
(2882) 37
(2883) 32
(2884) 31
(2885) 45
(2886) 35
(2887) 36
(2888) 28
(2889) 24
(2890) 33
(2891) 33
(2892) 38
(2893) 36
(2894) 36
(2895) 38
(2896) 30
(2897) 35
(2898) 40
(2899) 28
(2900) 26
(2901) 48
(2902) 30
(2903) 31
(2904) 24
(2905) 41
(2906) 31
(2907) 37
(2908) 32
(2909) 33
(2910) 38
(2911) 42
(2912) 41
(2913) 24
(2914) 40
(2915) 48
(2916) 28
(2917) 36
(2918) 31
(2919) 23
(2920) 37
(2921) 37
(2922) 39
(2923) 36
(2924) 33
(2925) 22
(2926) 32
(2927) 32
(2928) 35
(2929) 43
(2930) 27
(2931) 20
(2932) 36
(2933) 35
(2934) 29
(2935) 27
(2936) 32
(2937) 34
(2938) 31
(2939) 32
(2940) 27
(2941) 25
(2942) 31
(2943) 20
(2944) 36
(2945) 33
(2946) 32
(2947) 40
(2948) 27
(2949) 33
(2950) 39
(2951) 33
(2952) 34
(2953) 34
(2954) 37
(2955) 30
(2956) 26
(2957) 32
(2958) 27
(2959) 38
(2960) 36
(2961) 29
(2962) 36
(2963) 22
(2964) 25
(2965) 36
(2966) 31
(2967) 30
(2968) 27
(2969) 25
(2970) 32
(2971) 31
(2972) 27
(2973) 32
(2974) 36
(2975) 28
(2976) 37
(2977) 30
(2978) 30
(2979) 19
(2980) 30
(2981) 42
(2982) 26
(2983) 30
(2984) 24
(2985) 38
(2986) 31
(2987) 27
(2988) 29
(2989) 31
(2990) 30
(2991) 39
(2992) 43
(2993) 36
(2994) 21
(2995) 36
(2996) 27
(2997) 35
(2998) 34
(2999) 28
(3000) 35
(3001) 33
(3002) 39
(3003) 39
(3004) 34
(3005) 30
(3006) 33
(3007) 25
(3008) 26
(3009) 34
(3010) 29
(3011) 43
(3012) 35
(3013) 44
(3014) 34
(3015) 37
(3016) 34
(3017) 31
(3018) 42
(3019) 29
(3020) 30
(3021) 36
(3022) 34
(3023) 37
(3024) 18
(3025) 26
(3026) 27
(3027) 29
(3028) 32
(3029) 40
(3030) 29
(3031) 40
(3032) 24
(3033) 26
(3034) 32
(3035) 33
(3036) 33
(3037) 40
(3038) 22
(3039) 26
(3040) 28
(3041) 32
(3042) 30
(3043) 29
(3044) 24
(3045) 20
(3046) 33
(3047) 34
(3048) 36
(3049) 31
(3050) 26
(3051) 28
(3052) 29
(3053) 26
(3054) 33
(3055) 29
(3056) 22
(3057) 30
(3058) 34
(3059) 27
(3060) 31
(3061) 32
(3062) 31
(3063) 29
(3064) 36
(3065) 27
(3066) 28
(3067) 23
(3068) 36
(3069) 30
(3070) 37
(3071) 27
(3072) 29
(3073) 32
(3074) 23
(3075) 27
(3076) 34
(3077) 29
(3078) 30
(3079) 26
(3080) 35
(3081) 35
(3082) 35
(3083) 30
(3084) 32
(3085) 36
(3086) 26
(3087) 27
(3088) 46
(3089) 26
(3090) 25
(3091) 28
(3092) 22
(3093) 23
(3094) 18
(3095) 29
(3096) 28
(3097) 30
(3098) 38
(3099) 36
(3100) 22
(3101) 27
(3102) 29
(3103) 29
(3104) 29
(3105) 32
(3106) 39
(3107) 28
(3108) 31
(3109) 29
(3110) 29
(3111) 37
(3112) 28
(3113) 31
(3114) 28
(3115) 27
(3116) 31
(3117) 29
(3118) 29
(3119) 25
(3120) 27
(3121) 24
(3122) 30
(3123) 23
(3124) 28
(3125) 30
(3126) 22
(3127) 24
(3128) 25
(3129) 38
(3130) 32
(3131) 31
(3132) 29
(3133) 34
(3134) 25
(3135) 23
(3136) 32
(3137) 28
(3138) 34
(3139) 32
(3140) 20
(3141) 26
(3142) 24
(3143) 25
(3144) 24
(3145) 30
(3146) 32
(3147) 24
(3148) 32
(3149) 25
(3150) 29
(3151) 26
(3152) 29
(3153) 26
(3154) 28
(3155) 30
(3156) 39
(3157) 23
(3158) 27
(3159) 31
(3160) 35
(3161) 26
(3162) 24
(3163) 23
(3164) 26
(3165) 35
(3166) 26
(3167) 29
(3168) 25
(3169) 21
(3170) 30
(3171) 24
(3172) 27
(3173) 24
(3174) 20
(3175) 36
(3176) 19
(3177) 30
(3178) 20
(3179) 28
(3180) 28
(3181) 31
(3182) 35
(3183) 38
(3184) 22
(3185) 37
(3186) 28
(3187) 35
(3188) 26
(3189) 42
(3190) 23
(3191) 24
(3192) 33
(3193) 31
(3194) 32
(3195) 29
(3196) 26
(3197) 25
(3198) 22
(3199) 26
(3200) 28
(3201) 21
(3202) 25
(3203) 31
(3204) 34
(3205) 28
(3206) 24
(3207) 25
(3208) 31
(3209) 25
(3210) 31
(3211) 27
(3212) 28
(3213) 26
(3214) 25
(3215) 25
(3216) 39
(3217) 26
(3218) 32
(3219) 30
(3220) 30
(3221) 29
(3222) 24
(3223) 28
(3224) 28
(3225) 24
(3226) 21
(3227) 28
(3228) 20
(3229) 22
(3230) 34
(3231) 34
(3232) 28
(3233) 38
(3234) 21
(3235) 29
(3236) 22
(3237) 28
(3238) 28
(3239) 11
(3240) 38
(3241) 21
(3242) 25
(3243) 28
(3244) 24
(3245) 32
(3246) 25
(3247) 22
(3248) 34
(3249) 31
(3250) 20
(3251) 29
(3252) 20
(3253) 21
(3254) 24
(3255) 31
(3256) 25
(3257) 34
(3258) 23
(3259) 25
(3260) 31
(3261) 26
(3262) 21
(3263) 22
(3264) 28
(3265) 33
(3266) 24
(3267) 24
(3268) 26
(3269) 27
(3270) 17
(3271) 24
(3272) 28
(3273) 29
(3274) 43
(3275) 20
(3276) 31
(3277) 20
(3278) 29
(3279) 26
(3280) 19
(3281) 31
(3282) 27
(3283) 32
(3284) 24
(3285) 17
(3286) 24
(3287) 26
(3288) 20
(3289) 33
(3290) 32
(3291) 33
(3292) 30
(3293) 24
(3294) 27
(3295) 21
(3296) 33
(3297) 18
(3298) 27
(3299) 24
(3300) 22
(3301) 21
(3302) 36
(3303) 26
(3304) 25
(3305) 35
(3306) 25
(3307) 31
(3308) 26
(3309) 24
(3310) 23
(3311) 22
(3312) 27
(3313) 21
(3314) 25
(3315) 24
(3316) 27
(3317) 21
(3318) 28
(3319) 21
(3320) 28
(3321) 29
(3322) 29
(3323) 29
(3324) 28
(3325) 29
(3326) 24
(3327) 23
(3328) 25
(3329) 22
(3330) 26
(3331) 21
(3332) 18
(3333) 19
(3334) 24
(3335) 18
(3336) 26
(3337) 28
(3338) 22
(3339) 24
(3340) 27
(3341) 28
(3342) 31
(3343) 29
(3344) 24
(3345) 35
(3346) 29
(3347) 20
(3348) 24
(3349) 23
(3350) 19
(3351) 24
(3352) 20
(3353) 34
(3354) 36
(3355) 28
(3356) 29
(3357) 26
(3358) 28
(3359) 35
(3360) 19
(3361) 18
(3362) 23
(3363) 27
(3364) 28
(3365) 23
(3366) 24
(3367) 27
(3368) 27
(3369) 22
(3370) 17
(3371) 31
(3372) 29
(3373) 34
(3374) 26
(3375) 24
(3376) 25
(3377) 19
(3378) 20
(3379) 21
(3380) 16
(3381) 28
(3382) 21
(3383) 23
(3384) 30
(3385) 25
(3386) 21
(3387) 32
(3388) 22
(3389) 34
(3390) 21
(3391) 21
(3392) 20
(3393) 32
(3394) 18
(3395) 15
(3396) 22
(3397) 22
(3398) 26
(3399) 24
(3400) 20
(3401) 23
(3402) 28
(3403) 27
(3404) 21
(3405) 18
(3406) 22
(3407) 24
(3408) 23
(3409) 20
(3410) 30
(3411) 28
(3412) 24
(3413) 21
(3414) 30
(3415) 21
(3416) 21
(3417) 28
(3418) 18
(3419) 25
(3420) 31
(3421) 18
(3422) 20
(3423) 33
(3424) 26
(3425) 24
(3426) 29
(3427) 21
(3428) 23
(3429) 8
(3430) 30
(3431) 21
(3432) 23
(3433) 21
(3434) 26
(3435) 28
(3436) 29
(3437) 30
(3438) 21
(3439) 17
(3440) 27
(3441) 23
(3442) 25
(3443) 27
(3444) 23
(3445) 22
(3446) 22
(3447) 27
(3448) 32
(3449) 24
(3450) 16
(3451) 20
(3452) 20
(3453) 19
(3454) 23
(3455) 27
(3456) 18
(3457) 17
(3458) 22
(3459) 28
(3460) 22
(3461) 16
(3462) 23
(3463) 24
(3464) 33
(3465) 25
(3466) 21
(3467) 16
(3468) 21
(3469) 25
(3470) 21
(3471) 22
(3472) 22
(3473) 30
(3474) 25
(3475) 19
(3476) 27
(3477) 24
(3478) 30
(3479) 18
(3480) 18
(3481) 20
(3482) 24
(3483) 16
(3484) 22
(3485) 23
(3486) 24
(3487) 22
(3488) 33
(3489) 29
(3490) 26
(3491) 27
(3492) 16
(3493) 21
(3494) 26
(3495) 29
(3496) 24
(3497) 19
(3498) 19
(3499) 21
(3500) 15
(3501) 16
(3502) 26
(3503) 24
(3504) 22
(3505) 22
(3506) 20
(3507) 24
(3508) 23
(3509) 20
(3510) 22
(3511) 16
(3512) 29
(3513) 17
(3514) 23
(3515) 23
(3516) 23
(3517) 21
(3518) 20
(3519) 18
(3520) 21
(3521) 21
(3522) 19
(3523) 21
(3524) 25
(3525) 23
(3526) 16
(3527) 23
(3528) 23
(3529) 21
(3530) 21
(3531) 19
(3532) 23
(3533) 25
(3534) 15
(3535) 31
(3536) 22
(3537) 23
(3538) 26
(3539) 19
(3540) 20
(3541) 27
(3542) 17
(3543) 23
(3544) 27
(3545) 24
(3546) 15
(3547) 23
(3548) 19
(3549) 21
(3550) 19
(3551) 17
(3552) 22
(3553) 30
(3554) 20
(3555) 20
(3556) 20
(3557) 20
(3558) 27
(3559) 21
(3560) 18
(3561) 20
(3562) 16
(3563) 23
(3564) 23
(3565) 15
(3566) 28
(3567) 17
(3568) 18
(3569) 24
(3570) 25
(3571) 29
(3572) 18
(3573) 22
(3574) 18
(3575) 26
(3576) 14
(3577) 18
(3578) 25
(3579) 18
(3580) 21
(3581) 34
(3582) 16
(3583) 31
(3584) 16
(3585) 19
(3586) 14
(3587) 22
(3588) 24
(3589) 26
(3590) 19
(3591) 14
(3592) 21
(3593) 25
(3594) 20
(3595) 17
(3596) 15
(3597) 17
(3598) 20
(3599) 26
(3600) 20
(3601) 15
(3602) 24
(3603) 15
(3604) 18
(3605) 17
(3606) 16
(3607) 18
(3608) 25
(3609) 20
(3610) 18
(3611) 17
(3612) 19
(3613) 12
(3614) 14
(3615) 32
(3616) 25
(3617) 30
(3618) 18
(3619) 21
(3620) 16
(3621) 25
(3622) 24
(3623) 16
(3624) 29
(3625) 27
(3626) 12
(3627) 19
(3628) 18
(3629) 22
(3630) 14
(3631) 25
(3632) 18
(3633) 20
(3634) 24
(3635) 19
(3636) 24
(3637) 21
(3638) 10
(3639) 29
(3640) 11
(3641) 26
(3642) 26
(3643) 21
(3644) 28
(3645) 14
(3646) 18
(3647) 30
(3648) 24
(3649) 26
(3650) 17
(3651) 26
(3652) 25
(3653) 20
(3654) 20
(3655) 18
(3656) 15
(3657) 13
(3658) 18
(3659) 25
(3660) 30
(3661) 21
(3662) 23
(3663) 21
(3664) 18
(3665) 18
(3666) 17
(3667) 11
(3668) 17
(3669) 22
(3670) 21
(3671) 18
(3672) 24
(3673) 20
(3674) 17
(3675) 15
(3676) 16
(3677) 20
(3678) 23
(3679) 21
(3680) 19
(3681) 21
(3682) 23
(3683) 25
(3684) 25
(3685) 18
(3686) 21
(3687) 19
(3688) 15
(3689) 15
(3690) 23
(3691) 21
(3692) 23
(3693) 16
(3694) 14
(3695) 20
(3696) 23
(3697) 17
(3698) 16
(3699) 21
(3700) 28
(3701) 22
(3702) 17
(3703) 24
(3704) 25
(3705) 21
(3706) 23
(3707) 14
(3708) 25
(3709) 17
(3710) 18
(3711) 23
(3712) 24
(3713) 29
(3714) 22
(3715) 22
(3716) 22
(3717) 26
(3718) 19
(3719) 14
(3720) 18
(3721) 21
(3722) 26
(3723) 12
(3724) 11
(3725) 20
(3726) 13
(3727) 22
(3728) 18
(3729) 20
(3730) 17
(3731) 18
(3732) 25
(3733) 15
(3734) 17
(3735) 19
(3736) 22
(3737) 31
(3738) 18
(3739) 18
(3740) 16
(3741) 22
(3742) 25
(3743) 19
(3744) 23
(3745) 23
(3746) 14
(3747) 19
(3748) 22
(3749) 12
(3750) 16
(3751) 18
(3752) 21
(3753) 26
(3754) 13
(3755) 15
(3756) 25
(3757) 24
(3758) 19
(3759) 13
(3760) 18
(3761) 17
(3762) 19
(3763) 21
(3764) 25
(3765) 23
(3766) 19
(3767) 24
(3768) 16
(3769) 18
(3770) 20
(3771) 17
(3772) 27
(3773) 23
(3774) 22
(3775) 25
(3776) 17
(3777) 19
(3778) 28
(3779) 16
(3780) 15
(3781) 16
(3782) 25
(3783) 17
(3784) 16
(3785) 18
(3786) 27
(3787) 16
(3788) 16
(3789) 18
(3790) 21
(3791) 16
(3792) 26
(3793) 19
(3794) 24
(3795) 21
(3796) 16
(3797) 17
(3798) 14
(3799) 18
(3800) 19
(3801) 17
(3802) 22
(3803) 18
(3804) 20
(3805) 22
(3806) 18
(3807) 17
(3808) 19
(3809) 13
(3810) 11
(3811) 18
(3812) 18
(3813) 19
(3814) 12
(3815) 22
(3816) 15
(3817) 21
(3818) 15
(3819) 19
(3820) 19
(3821) 16
(3822) 20
(3823) 12
(3824) 14
(3825) 15
(3826) 17
(3827) 12
(3828) 21
(3829) 23
(3830) 15
(3831) 19
(3832) 22
(3833) 18
(3834) 18
(3835) 17
(3836) 6
(3837) 16
(3838) 23
(3839) 12
(3840) 24
(3841) 17
(3842) 11
(3843) 15
(3844) 18
(3845) 25
(3846) 14
(3847) 19
(3848) 17
(3849) 16
(3850) 25
(3851) 22
(3852) 17
(3853) 12
(3854) 15
(3855) 11
(3856) 16
(3857) 8
(3858) 8
(3859) 30
(3860) 14
(3861) 20
(3862) 11
(3863) 25
(3864) 15
(3865) 15
(3866) 18
(3867) 14
(3868) 14
(3869) 13
(3870) 15
(3871) 11
(3872) 23
(3873) 16
(3874) 7
(3875) 13
(3876) 21
(3877) 9
(3878) 21
(3879) 13
(3880) 17
(3881) 17
(3882) 17
(3883) 8
(3884) 17
(3885) 16
(3886) 15
(3887) 8
(3888) 15
(3889) 12
(3890) 17
(3891) 14
(3892) 20
(3893) 15
(3894) 15
(3895) 15
(3896) 21
(3897) 19
(3898) 15
(3899) 21
(3900) 10
(3901) 7
(3902) 17
(3903) 13
(3904) 5
(3905) 14
(3906) 21
(3907) 22
(3908) 15
(3909) 16
(3910) 11
(3911) 14
(3912) 23
(3913) 9
(3914) 13
(3915) 13
(3916) 16
(3917) 12
(3918) 12
(3919) 12
(3920) 10
(3921) 13
(3922) 20
(3923) 22
(3924) 6
(3925) 14
(3926) 15
(3927) 5
(3928) 18
(3929) 13
(3930) 10
(3931) 9
(3932) 16
(3933) 13
(3934) 16
(3935) 10
(3936) 11
(3937) 12
(3938) 15
(3939) 18
(3940) 16
(3941) 10
(3942) 14
(3943) 13
(3944) 16
(3945) 13
(3946) 10
(3947) 4
(3948) 8
(3949) 7
(3950) 20
(3951) 11
(3952) 10
(3953) 8
(3954) 7
(3955) 18
(3956) 7
(3957) 10
(3958) 12
(3959) 10
(3960) 12
(3961) 10
(3962) 9
(3963) 7
(3964) 14
(3965) 12
(3966) 12
(3967) 9
(3968) 9
(3969) 6
(3970) 10
(3971) 10
(3972) 13
(3973) 14
(3974) 9
(3975) 12
(3976) 10
(3977) 16
(3978) 7
(3979) 15
(3980) 7
(3981) 11
(3982) 14
(3983) 6
(3984) 9
(3985) 3
(3986) 8
(3987) 8
(3988) 5
(3989) 7
(3990) 9
(3991) 7
(3992) 11
(3993) 11
(3994) 8
(3995) 7
(3996) 5
(3997) 5
(3998) 9
(3999) 7
(4000) 5
(4001) 9
(4002) 12
(4003) 4
(4004) 6
(4005) 9
(4006) 12
(4007) 8
(4008) 10
(4009) 8
(4010) 8
(4011) 8
(4012) 9
(4013) 3
(4014) 6
(4015) 9
(4016) 6
(4017) 12
(4018) 8
(4019) 8
(4020) 6
(4021) 11
(4022) 6
(4023) 6
(4024) 7
(4025) 9
(4026) 4
(4027) 5
(4028) 3
(4029) 6
(4030) 1
(4031) 6
(4032) 8
(4033) 9
(4034) 3
(4035) 6
(4036) 8
(4037) 4
(4038) 5
(4039) 8
(4040) 9
(4041) 3
(4042) 7
(4043) 8
(4044) 6
(4045) 4
(4046) 6
(4047) 8
(4048) 2
(4049) 6
(4050) 3
(4051) 5
(4052) 2
(4053) 6
(4054) 4
(4055) 7
(4056) 4
(4057) 7
(4058) 1
(4059) 6
(4060) 3
(4061) 4
(4062) 4
(4063) 1
(4064) 9
(4065) 2
(4066) 6
(4067) 3
(4068) 8
(4069) 6
(4070) 2
(4071) 3
(4072) 1
(4073) 4
(4074) 1
(4075) 1
(4076) 1
(4077) 2
(4078) 2
(4079) 4
(4080) 4
(4083) 5
(4084) 1
(4085) 1
(4086) 3
(4088) 2
(4089) 1
(4093) 1
(-1) -1
