"crs_qdc_01_energy" (4096)
Tue Jun 17 09:20:38 2008
 3
1 long 
("crs.qdc.1.energy")
(0 4096) 
--------------------------------------------
(3) 1
(11) 1
(12) 1
(13) 3
(16) 2
(17) 1
(18) 2
(20) 2
(21) 1
(22) 1
(23) 1
(24) 1
(25) 1
(26) 4
(27) 2
(28) 1
(29) 1
(30) 2
(31) 1
(32) 2
(33) 2
(39) 2
(41) 1
(42) 2
(43) 3
(44) 5
(45) 9
(46) 84
(47) 13707
(48) 89779
(49) 147652
(50) 192601
(51) 240670
(52) 384895
(53) 438465
(54) 478945
(55) 527455
(56) 602699
(57) 750110
(58) 4238577
(59) 3813428
(60) 1262978
(61) 1065677
(62) 974709
(63) 916130
(64) 816011
(65) 798054
(66) 840234
(67) 856293
(68) 782071
(69) 495705
(70) 187016
(71) 54402
(72) 25276
(73) 22612
(74) 22381
(75) 21866
(76) 21527
(77) 20976
(78) 20950
(79) 20708
(80) 20426
(81) 20229
(82) 19932
(83) 19729
(84) 19710
(85) 19873
(86) 19480
(87) 19328
(88) 19512
(89) 18986
(90) 18792
(91) 18763
(92) 18806
(93) 18425
(94) 18538
(95) 18212
(96) 18286
(97) 17837
(98) 17964
(99) 18024
(100) 17633
(101) 17881
(102) 17506
(103) 17460
(104) 17492
(105) 17274
(106) 17338
(107) 17112
(108) 16885
(109) 16912
(110) 16866
(111) 16697
(112) 16633
(113) 16327
(114) 16385
(115) 16290
(116) 16156
(117) 16095
(118) 15977
(119) 15685
(120) 15908
(121) 15488
(122) 15275
(123) 15214
(124) 15422
(125) 15160
(126) 14914
(127) 14740
(128) 14644
(129) 14645
(130) 14538
(131) 14322
(132) 14376
(133) 14245
(134) 14189
(135) 14030
(136) 13586
(137) 13708
(138) 13707
(139) 13475
(140) 13619
(141) 13374
(142) 13380
(143) 13143
(144) 13332
(145) 13247
(146) 12874
(147) 12993
(148) 12813
(149) 12730
(150) 12636
(151) 12581
(152) 12698
(153) 12580
(154) 12507
(155) 12364
(156) 12242
(157) 12317
(158) 12126
(159) 12322
(160) 12094
(161) 12119
(162) 12172
(163) 12172
(164) 12203
(165) 12119
(166) 11949
(167) 12063
(168) 11840
(169) 12046
(170) 12063
(171) 12082
(172) 11836
(173) 11911
(174) 11779
(175) 11992
(176) 11843
(177) 11908
(178) 11964
(179) 12016
(180) 11987
(181) 11899
(182) 12000
(183) 11938
(184) 11789
(185) 12007
(186) 12085
(187) 12047
(188) 12035
(189) 12310
(190) 12082
(191) 12307
(192) 12357
(193) 12367
(194) 12579
(195) 12282
(196) 12663
(197) 12268
(198) 12661
(199) 12786
(200) 12653
(201) 12512
(202) 12823
(203) 12828
(204) 12775
(205) 12922
(206) 13131
(207) 13069
(208) 13036
(209) 13427
(210) 13331
(211) 13413
(212) 13279
(213) 13638
(214) 13521
(215) 13788
(216) 13828
(217) 13910
(218) 13886
(219) 14036
(220) 14392
(221) 14232
(222) 14428
(223) 14661
(224) 14748
(225) 14889
(226) 14842
(227) 15049
(228) 15187
(229) 15239
(230) 15469
(231) 15688
(232) 15593
(233) 15589
(234) 16020
(235) 16124
(236) 16102
(237) 16233
(238) 16481
(239) 16690
(240) 16620
(241) 16892
(242) 16959
(243) 17262
(244) 17333
(245) 17567
(246) 17349
(247) 17724
(248) 17943
(249) 18144
(250) 18340
(251) 18829
(252) 18708
(253) 18950
(254) 18965
(255) 19274
(256) 19584
(257) 19522
(258) 19691
(259) 20173
(260) 20080
(261) 19925
(262) 20621
(263) 20804
(264) 21002
(265) 21538
(266) 21373
(267) 21757
(268) 21913
(269) 22038
(270) 22384
(271) 22593
(272) 22756
(273) 23118
(274) 23353
(275) 23710
(276) 23626
(277) 24017
(278) 24239
(279) 24337
(280) 24787
(281) 24938
(282) 25145
(283) 25474
(284) 25792
(285) 26015
(286) 25998
(287) 26378
(288) 26789
(289) 27162
(290) 27245
(291) 27558
(292) 27942
(293) 28063
(294) 28764
(295) 28609
(296) 29012
(297) 29126
(298) 29726
(299) 29888
(300) 29954
(301) 30503
(302) 30908
(303) 31266
(304) 31605
(305) 31943
(306) 32522
(307) 32299
(308) 32840
(309) 33297
(310) 33706
(311) 33338
(312) 33979
(313) 34373
(314) 34347
(315) 35027
(316) 35182
(317) 35683
(318) 36149
(319) 36332
(320) 37099
(321) 37292
(322) 37361
(323) 38389
(324) 37960
(325) 38466
(326) 39134
(327) 39538
(328) 39995
(329) 40142
(330) 40497
(331) 41059
(332) 41175
(333) 41781
(334) 41820
(335) 42639
(336) 42682
(337) 43274
(338) 43628
(339) 44060
(340) 44417
(341) 44939
(342) 45227
(343) 45915
(344) 46501
(345) 46456
(346) 47089
(347) 47359
(348) 47225
(349) 48511
(350) 47935
(351) 48887
(352) 49591
(353) 49316
(354) 49890
(355) 50746
(356) 50877
(357) 51499
(358) 51634
(359) 52510
(360) 52166
(361) 53007
(362) 53675
(363) 53966
(364) 54528
(365) 54781
(366) 54850
(367) 55755
(368) 55729
(369) 56374
(370) 57149
(371) 57084
(372) 57702
(373) 58057
(374) 58630
(375) 58648
(376) 59207
(377) 60002
(378) 60064
(379) 60585
(380) 60957
(381) 61184
(382) 61656
(383) 62389
(384) 62516
(385) 62684
(386) 63783
(387) 63495
(388) 63819
(389) 64567
(390) 65020
(391) 64949
(392) 65516
(393) 65877
(394) 65806
(395) 66148
(396) 66976
(397) 66690
(398) 67542
(399) 67988
(400) 68729
(401) 68247
(402) 69054
(403) 69300
(404) 69238
(405) 69448
(406) 70327
(407) 70545
(408) 70330
(409) 71217
(410) 70549
(411) 71559
(412) 71932
(413) 72414
(414) 72791
(415) 72895
(416) 72922
(417) 72931
(418) 73503
(419) 74499
(420) 74646
(421) 74827
(422) 74579
(423) 75079
(424) 75552
(425) 75539
(426) 76082
(427) 76525
(428) 76471
(429) 76996
(430) 77019
(431) 77530
(432) 78200
(433) 78277
(434) 78483
(435) 79297
(436) 79006
(437) 79293
(438) 79616
(439) 80005
(440) 79263
(441) 80059
(442) 80601
(443) 81141
(444) 80857
(445) 80953
(446) 81338
(447) 81797
(448) 81770
(449) 82335
(450) 82805
(451) 83062
(452) 83000
(453) 83167
(454) 83172
(455) 84156
(456) 84370
(457) 84241
(458) 84481
(459) 85055
(460) 85665
(461) 85933
(462) 85784
(463) 85753
(464) 86740
(465) 86368
(466) 86868
(467) 87150
(468) 86851
(469) 87261
(470) 87789
(471) 88103
(472) 88091
(473) 88730
(474) 88436
(475) 88952
(476) 88858
(477) 89683
(478) 89751
(479) 89751
(480) 90605
(481) 89912
(482) 90808
(483) 90801
(484) 91148
(485) 91024
(486) 90984
(487) 91874
(488) 91831
(489) 92768
(490) 92148
(491) 92602
(492) 92728
(493) 93145
(494) 93369
(495) 93535
(496) 93711
(497) 93778
(498) 93860
(499) 94840
(500) 94757
(501) 94722
(502) 95292
(503) 95632
(504) 95310
(505) 95735
(506) 95890
(507) 95314
(508) 96359
(509) 96526
(510) 96991
(511) 96723
(512) 97212
(513) 96998
(514) 97551
(515) 97900
(516) 97558
(517) 97786
(518) 98207
(519) 98466
(520) 98660
(521) 99299
(522) 99882
(523) 99162
(524) 99871
(525) 99380
(526) 99955
(527) 100062
(528) 99873
(529) 100791
(530) 100499
(531) 101041
(532) 100985
(533) 101235
(534) 101839
(535) 101602
(536) 102026
(537) 102476
(538) 102136
(539) 102474
(540) 102361
(541) 103053
(542) 102792
(543) 102899
(544) 103390
(545) 103033
(546) 103209
(547) 103949
(548) 103934
(549) 103990
(550) 104341
(551) 104568
(552) 104503
(553) 105165
(554) 105867
(555) 104795
(556) 105415
(557) 106240
(558) 105384
(559) 106015
(560) 106127
(561) 106245
(562) 106834
(563) 106614
(564) 106662
(565) 106929
(566) 107017
(567) 107091
(568) 106759
(569) 107719
(570) 107299
(571) 108233
(572) 107786
(573) 108437
(574) 108627
(575) 108215
(576) 109131
(577) 109319
(578) 108980
(579) 109233
(580) 109399
(581) 109820
(582) 109441
(583) 109596
(584) 109489
(585) 109887
(586) 109897
(587) 110326
(588) 109855
(589) 110223
(590) 110700
(591) 110763
(592) 110934
(593) 111361
(594) 110788
(595) 111114
(596) 110903
(597) 111373
(598) 111832
(599) 111332
(600) 111947
(601) 112011
(602) 112452
(603) 112193
(604) 112324
(605) 112090
(606) 112356
(607) 112507
(608) 113368
(609) 112895
(610) 113201
(611) 112815
(612) 113047
(613) 114154
(614) 113751
(615) 113508
(616) 113177
(617) 114156
(618) 113710
(619) 113905
(620) 114106
(621) 114358
(622) 114260
(623) 114139
(624) 114208
(625) 114483
(626) 114055
(627) 115335
(628) 114553
(629) 115322
(630) 115310
(631) 114667
(632) 114844
(633) 115099
(634) 115324
(635) 115110
(636) 115622
(637) 115953
(638) 115647
(639) 115815
(640) 115380
(641) 115446
(642) 116278
(643) 116232
(644) 115817
(645) 116318
(646) 116378
(647) 116570
(648) 116076
(649) 116533
(650) 116220
(651) 116890
(652) 117351
(653) 117009
(654) 116792
(655) 116438
(656) 116820
(657) 116767
(658) 117430
(659) 116510
(660) 116855
(661) 116746
(662) 116809
(663) 116713
(664) 116927
(665) 117404
(666) 117022
(667) 117465
(668) 117088
(669) 117054
(670) 117616
(671) 118007
(672) 117281
(673) 117767
(674) 116735
(675) 116959
(676) 117191
(677) 117940
(678) 116690
(679) 117782
(680) 117315
(681) 116994
(682) 117502
(683) 117763
(684) 117742
(685) 117211
(686) 117765
(687) 117286
(688) 117564
(689) 117632
(690) 116861
(691) 117691
(692) 117091
(693) 117402
(694) 116741
(695) 118038
(696) 117567
(697) 117301
(698) 117417
(699) 116833
(700) 117310
(701) 116825
(702) 117874
(703) 117186
(704) 117046
(705) 117142
(706) 117016
(707) 116682
(708) 116371
(709) 117275
(710) 116409
(711) 116597
(712) 116785
(713) 116631
(714) 116835
(715) 116986
(716) 117051
(717) 116456
(718) 115952
(719) 116450
(720) 116350
(721) 115791
(722) 115938
(723) 115695
(724) 116470
(725) 116090
(726) 115908
(727) 115467
(728) 116003
(729) 115433
(730) 115700
(731) 115569
(732) 115440
(733) 115643
(734) 114893
(735) 115342
(736) 116260
(737) 115202
(738) 115018
(739) 115032
(740) 114891
(741) 114130
(742) 114357
(743) 114527
(744) 114304
(745) 114857
(746) 113517
(747) 113582
(748) 113303
(749) 114482
(750) 113438
(751) 113485
(752) 113337
(753) 113356
(754) 112756
(755) 112469
(756) 112147
(757) 112689
(758) 113121
(759) 112765
(760) 112856
(761) 112798
(762) 112553
(763) 112250
(764) 111555
(765) 111523
(766) 111661
(767) 111224
(768) 111308
(769) 111633
(770) 111087
(771) 110828
(772) 110814
(773) 111065
(774) 109424
(775) 110252
(776) 110581
(777) 109685
(778) 109718
(779) 109605
(780) 109635
(781) 109418
(782) 109774
(783) 109235
(784) 108691
(785) 108862
(786) 108666
(787) 108273
(788) 108257
(789) 108253
(790) 108096
(791) 107585
(792) 107239
(793) 107706
(794) 107018
(795) 106449
(796) 106469
(797) 106575
(798) 106538
(799) 105973
(800) 106010
(801) 105397
(802) 105330
(803) 105318
(804) 105317
(805) 105112
(806) 104554
(807) 105261
(808) 103934
(809) 103781
(810) 104538
(811) 103816
(812) 103900
(813) 104056
(814) 103514
(815) 103217
(816) 102977
(817) 102191
(818) 102511
(819) 102011
(820) 101823
(821) 102179
(822) 101709
(823) 101246
(824) 100653
(825) 100879
(826) 100603
(827) 101034
(828) 100438
(829) 100641
(830) 100948
(831) 99916
(832) 99505
(833) 98814
(834) 99535
(835) 99048
(836) 98502
(837) 98853
(838) 98111
(839) 97698
(840) 97640
(841) 97388
(842) 96915
(843) 96726
(844) 96627
(845) 96429
(846) 96294
(847) 95885
(848) 95633
(849) 95000
(850) 95323
(851) 94425
(852) 94933
(853) 94548
(854) 94755
(855) 94052
(856) 93670
(857) 93371
(858) 93384
(859) 93457
(860) 92949
(861) 92750
(862) 92261
(863) 91971
(864) 91518
(865) 91654
(866) 91561
(867) 90359
(868) 91493
(869) 90487
(870) 90344
(871) 90089
(872) 89900
(873) 89751
(874) 90119
(875) 89715
(876) 88717
(877) 88756
(878) 88689
(879) 88513
(880) 88351
(881) 87883
(882) 87180
(883) 88165
(884) 87074
(885) 87161
(886) 86152
(887) 86758
(888) 86353
(889) 85446
(890) 85390
(891) 85165
(892) 85259
(893) 84680
(894) 84115
(895) 84520
(896) 84263
(897) 84166
(898) 83777
(899) 83289
(900) 82769
(901) 82701
(902) 82607
(903) 82197
(904) 82182
(905) 81517
(906) 81612
(907) 81346
(908) 80801
(909) 80956
(910) 80914
(911) 80276
(912) 80380
(913) 80087
(914) 79904
(915) 79515
(916) 79773
(917) 78916
(918) 78453
(919) 78298
(920) 77746
(921) 77423
(922) 77889
(923) 77695
(924) 77024
(925) 76615
(926) 76378
(927) 76338
(928) 76203
(929) 75775
(930) 75695
(931) 75002
(932) 75480
(933) 74710
(934) 74730
(935) 73797
(936) 73929
(937) 73919
(938) 73353
(939) 72820
(940) 72408
(941) 72960
(942) 72891
(943) 72541
(944) 72369
(945) 71693
(946) 71932
(947) 71143
(948) 70690
(949) 70430
(950) 70689
(951) 70097
(952) 69897
(953) 69454
(954) 69727
(955) 69128
(956) 68876
(957) 68463
(958) 68544
(959) 68203
(960) 68345
(961) 67953
(962) 67250
(963) 67568
(964) 67031
(965) 66949
(966) 66699
(967) 66592
(968) 65918
(969) 66164
(970) 65915
(971) 65855
(972) 65291
(973) 65008
(974) 65017
(975) 64765
(976) 64038
(977) 64378
(978) 63946
(979) 64115
(980) 63595
(981) 63350
(982) 63193
(983) 62841
(984) 62294
(985) 62562
(986) 61832
(987) 61672
(988) 61416
(989) 61495
(990) 61399
(991) 60693
(992) 60610
(993) 59966
(994) 60077
(995) 60014
(996) 59616
(997) 59333
(998) 59044
(999) 59035
(1000) 58965
(1001) 58209
(1002) 58637
(1003) 57906
(1004) 57471
(1005) 57367
(1006) 57259
(1007) 57231
(1008) 57061
(1009) 56718
(1010) 56649
(1011) 56399
(1012) 56209
(1013) 55981
(1014) 55481
(1015) 55751
(1016) 55179
(1017) 54795
(1018) 54814
(1019) 54788
(1020) 54455
(1021) 54078
(1022) 53938
(1023) 53959
(1024) 53763
(1025) 53770
(1026) 53019
(1027) 53257
(1028) 52980
(1029) 52607
(1030) 52219
(1031) 52543
(1032) 52097
(1033) 51613
(1034) 51844
(1035) 51336
(1036) 50734
(1037) 51176
(1038) 50076
(1039) 50477
(1040) 50342
(1041) 49856
(1042) 50225
(1043) 49874
(1044) 49644
(1045) 49670
(1046) 49223
(1047) 49480
(1048) 48747
(1049) 48450
(1050) 48516
(1051) 48082
(1052) 47791
(1053) 47779
(1054) 47983
(1055) 47772
(1056) 47407
(1057) 47188
(1058) 46819
(1059) 46540
(1060) 46540
(1061) 46301
(1062) 46073
(1063) 45741
(1064) 46165
(1065) 45607
(1066) 45227
(1067) 45110
(1068) 44681
(1069) 44498
(1070) 44827
(1071) 44695
(1072) 44511
(1073) 44106
(1074) 43689
(1075) 43658
(1076) 43589
(1077) 43311
(1078) 42949
(1079) 42602
(1080) 42720
(1081) 42431
(1082) 42368
(1083) 42133
(1084) 42132
(1085) 42087
(1086) 42138
(1087) 41740
(1088) 41313
(1089) 41533
(1090) 40839
(1091) 41180
(1092) 41038
(1093) 40493
(1094) 40390
(1095) 40127
(1096) 40183
(1097) 39684
(1098) 39582
(1099) 39398
(1100) 39297
(1101) 39299
(1102) 39259
(1103) 39005
(1104) 39130
(1105) 38547
(1106) 38151
(1107) 38116
(1108) 37762
(1109) 37878
(1110) 37991
(1111) 37276
(1112) 37332
(1113) 37350
(1114) 36553
(1115) 37146
(1116) 36821
(1117) 36829
(1118) 36486
(1119) 36503
(1120) 35926
(1121) 35984
(1122) 35875
(1123) 35467
(1124) 35462
(1125) 35464
(1126) 35511
(1127) 35087
(1128) 35135
(1129) 34729
(1130) 34669
(1131) 34825
(1132) 34454
(1133) 34272
(1134) 33956
(1135) 33962
(1136) 33775
(1137) 33806
(1138) 33690
(1139) 33608
(1140) 33263
(1141) 33280
(1142) 32711
(1143) 32710
(1144) 32715
(1145) 32664
(1146) 32383
(1147) 32298
(1148) 31849
(1149) 31803
(1150) 31487
(1151) 31626
(1152) 31231
(1153) 31229
(1154) 31384
(1155) 31051
(1156) 30931
(1157) 30844
(1158) 30260
(1159) 30407
(1160) 30424
(1161) 30285
(1162) 30305
(1163) 30098
(1164) 29896
(1165) 29714
(1166) 29447
(1167) 29569
(1168) 29430
(1169) 29463
(1170) 29361
(1171) 29117
(1172) 28957
(1173) 28739
(1174) 28752
(1175) 28509
(1176) 28435
(1177) 28318
(1178) 28521
(1179) 28139
(1180) 27958
(1181) 27592
(1182) 27471
(1183) 27916
(1184) 27375
(1185) 27467
(1186) 27347
(1187) 26960
(1188) 26815
(1189) 26938
(1190) 26467
(1191) 26631
(1192) 26519
(1193) 26379
(1194) 26014
(1195) 26014
(1196) 25924
(1197) 25877
(1198) 25728
(1199) 25628
(1200) 25643
(1201) 25236
(1202) 25267
(1203) 25014
(1204) 25013
(1205) 24784
(1206) 24884
(1207) 24777
(1208) 24944
(1209) 24886
(1210) 24537
(1211) 24431
(1212) 24157
(1213) 24197
(1214) 23944
(1215) 23923
(1216) 23911
(1217) 23729
(1218) 23812
(1219) 23428
(1220) 23264
(1221) 23128
(1222) 23147
(1223) 23000
(1224) 23000
(1225) 22736
(1226) 22510
(1227) 22707
(1228) 22546
(1229) 22476
(1230) 22315
(1231) 22322
(1232) 22232
(1233) 22211
(1234) 21863
(1235) 21755
(1236) 21663
(1237) 21554
(1238) 21432
(1239) 21549
(1240) 21477
(1241) 21003
(1242) 21112
(1243) 21138
(1244) 20817
(1245) 20988
(1246) 20757
(1247) 20748
(1248) 20395
(1249) 20694
(1250) 20389
(1251) 20433
(1252) 20183
(1253) 20133
(1254) 19991
(1255) 19778
(1256) 19996
(1257) 19883
(1258) 19529
(1259) 19410
(1260) 19401
(1261) 18965
(1262) 19340
(1263) 19193
(1264) 19275
(1265) 19195
(1266) 19251
(1267) 18949
(1268) 18809
(1269) 18812
(1270) 18619
(1271) 18644
(1272) 18540
(1273) 18583
(1274) 18135
(1275) 18361
(1276) 18192
(1277) 18233
(1278) 17831
(1279) 17806
(1280) 18018
(1281) 17723
(1282) 17474
(1283) 17678
(1284) 17403
(1285) 17484
(1286) 17364
(1287) 17155
(1288) 17232
(1289) 17145
(1290) 17217
(1291) 17127
(1292) 16832
(1293) 16858
(1294) 16446
(1295) 16467
(1296) 16491
(1297) 16295
(1298) 16461
(1299) 16317
(1300) 16432
(1301) 16149
(1302) 16110
(1303) 15941
(1304) 15828
(1305) 15680
(1306) 15612
(1307) 15864
(1308) 15746
(1309) 15566
(1310) 15587
(1311) 15639
(1312) 15292
(1313) 15330
(1314) 15183
(1315) 15064
(1316) 15109
(1317) 14863
(1318) 15004
(1319) 14874
(1320) 15039
(1321) 14739
(1322) 14757
(1323) 14723
(1324) 14633
(1325) 14475
(1326) 14275
(1327) 14371
(1328) 14317
(1329) 13971
(1330) 14169
(1331) 14022
(1332) 13904
(1333) 14031
(1334) 13656
(1335) 13870
(1336) 13853
(1337) 13658
(1338) 13709
(1339) 13714
(1340) 13450
(1341) 13327
(1342) 13318
(1343) 13483
(1344) 13195
(1345) 12966
(1346) 13321
(1347) 12974
(1348) 12941
(1349) 12887
(1350) 12889
(1351) 12725
(1352) 12579
(1353) 12871
(1354) 12506
(1355) 12794
(1356) 12486
(1357) 12123
(1358) 12236
(1359) 12381
(1360) 12294
(1361) 12189
(1362) 12189
(1363) 12136
(1364) 11864
(1365) 11950
(1366) 11975
(1367) 11915
(1368) 11841
(1369) 11892
(1370) 11609
(1371) 11595
(1372) 11403
(1373) 11514
(1374) 11491
(1375) 11429
(1376) 11260
(1377) 11311
(1378) 11138
(1379) 11280
(1380) 11248
(1381) 11102
(1382) 11070
(1383) 10913
(1384) 10801
(1385) 10939
(1386) 11023
(1387) 10711
(1388) 10814
(1389) 10766
(1390) 10652
(1391) 10474
(1392) 10645
(1393) 10500
(1394) 10165
(1395) 10239
(1396) 10351
(1397) 10316
(1398) 10263
(1399) 10218
(1400) 10159
(1401) 10041
(1402) 9938
(1403) 9947
(1404) 9695
(1405) 9783
(1406) 9899
(1407) 9858
(1408) 9807
(1409) 9675
(1410) 9452
(1411) 9754
(1412) 9535
(1413) 9505
(1414) 9409
(1415) 9317
(1416) 9429
(1417) 9350
(1418) 9368
(1419) 9234
(1420) 9076
(1421) 8987
(1422) 9000
(1423) 8950
(1424) 8982
(1425) 8941
(1426) 9043
(1427) 8881
(1428) 8876
(1429) 8790
(1430) 8930
(1431) 8763
(1432) 8732
(1433) 8676
(1434) 8625
(1435) 8617
(1436) 8490
(1437) 8302
(1438) 8599
(1439) 8477
(1440) 8252
(1441) 8219
(1442) 8338
(1443) 8296
(1444) 8150
(1445) 8105
(1446) 7996
(1447) 8188
(1448) 8221
(1449) 8021
(1450) 7886
(1451) 8033
(1452) 7871
(1453) 7901
(1454) 7910
(1455) 7913
(1456) 7716
(1457) 7666
(1458) 7656
(1459) 7665
(1460) 7518
(1461) 7565
(1462) 7577
(1463) 7315
(1464) 7509
(1465) 7383
(1466) 7327
(1467) 7306
(1468) 7309
(1469) 7120
(1470) 7270
(1471) 7296
(1472) 7305
(1473) 7179
(1474) 6939
(1475) 7088
(1476) 6994
(1477) 7071
(1478) 6829
(1479) 6891
(1480) 6890
(1481) 6773
(1482) 6751
(1483) 6783
(1484) 6668
(1485) 6774
(1486) 6702
(1487) 6589
(1488) 6607
(1489) 6495
(1490) 6716
(1491) 6451
(1492) 6447
(1493) 6533
(1494) 6265
(1495) 6300
(1496) 6284
(1497) 6441
(1498) 6187
(1499) 6188
(1500) 6266
(1501) 6046
(1502) 5997
(1503) 6186
(1504) 6112
(1505) 5807
(1506) 5991
(1507) 5899
(1508) 5986
(1509) 5817
(1510) 5953
(1511) 5707
(1512) 5813
(1513) 5804
(1514) 5667
(1515) 5738
(1516) 5866
(1517) 5738
(1518) 5632
(1519) 5635
(1520) 5587
(1521) 5533
(1522) 5387
(1523) 5535
(1524) 5538
(1525) 5575
(1526) 5418
(1527) 5473
(1528) 5374
(1529) 5385
(1530) 5401
(1531) 5198
(1532) 5321
(1533) 5306
(1534) 5201
(1535) 5159
(1536) 5121
(1537) 5209
(1538) 5042
(1539) 5139
(1540) 5152
(1541) 5052
(1542) 5040
(1543) 5000
(1544) 4895
(1545) 4965
(1546) 4915
(1547) 4895
(1548) 4756
(1549) 4935
(1550) 4691
(1551) 4807
(1552) 4759
(1553) 4697
(1554) 4716
(1555) 4605
(1556) 4809
(1557) 4654
(1558) 4722
(1559) 4503
(1560) 4632
(1561) 4581
(1562) 4659
(1563) 4428
(1564) 4493
(1565) 4404
(1566) 4406
(1567) 4492
(1568) 4410
(1569) 4400
(1570) 4382
(1571) 4276
(1572) 4236
(1573) 4281
(1574) 4416
(1575) 4226
(1576) 4257
(1577) 4159
(1578) 4083
(1579) 4158
(1580) 4161
(1581) 4073
(1582) 4174
(1583) 4191
(1584) 4027
(1585) 4160
(1586) 3888
(1587) 4040
(1588) 4004
(1589) 3932
(1590) 3932
(1591) 3886
(1592) 3891
(1593) 3890
(1594) 3957
(1595) 3854
(1596) 3917
(1597) 3795
(1598) 3758
(1599) 3751
(1600) 3713
(1601) 3774
(1602) 3715
(1603) 3754
(1604) 3598
(1605) 3600
(1606) 3568
(1607) 3513
(1608) 3650
(1609) 3538
(1610) 3584
(1611) 3492
(1612) 3525
(1613) 3564
(1614) 3469
(1615) 3492
(1616) 3415
(1617) 3336
(1618) 3475
(1619) 3328
(1620) 3367
(1621) 3291
(1622) 3284
(1623) 3416
(1624) 3390
(1625) 3253
(1626) 3224
(1627) 3233
(1628) 3226
(1629) 3266
(1630) 3112
(1631) 3241
(1632) 3129
(1633) 3127
(1634) 2961
(1635) 3160
(1636) 3101
(1637) 3030
(1638) 3163
(1639) 3022
(1640) 3021
(1641) 3021
(1642) 3086
(1643) 3037
(1644) 3038
(1645) 2909
(1646) 2997
(1647) 2954
(1648) 3020
(1649) 2820
(1650) 3008
(1651) 2807
(1652) 2816
(1653) 2778
(1654) 2708
(1655) 2761
(1656) 2787
(1657) 2758
(1658) 2815
(1659) 2671
(1660) 2702
(1661) 2649
(1662) 2720
(1663) 2596
(1664) 2712
(1665) 2688
(1666) 2652
(1667) 2566
(1668) 2702
(1669) 2637
(1670) 2575
(1671) 2541
(1672) 2539
(1673) 2509
(1674) 2522
(1675) 2547
(1676) 2526
(1677) 2578
(1678) 2527
(1679) 2447
(1680) 2538
(1681) 2515
(1682) 2387
(1683) 2391
(1684) 2478
(1685) 2350
(1686) 2334
(1687) 2303
(1688) 2212
(1689) 2343
(1690) 2324
(1691) 2364
(1692) 2259
(1693) 2323
(1694) 2154
(1695) 2218
(1696) 2292
(1697) 2232
(1698) 2170
(1699) 2146
(1700) 2185
(1701) 2205
(1702) 2192
(1703) 2264
(1704) 2120
(1705) 2126
(1706) 2126
(1707) 2170
(1708) 2065
(1709) 2134
(1710) 2122
(1711) 2139
(1712) 2115
(1713) 1976
(1714) 1997
(1715) 1964
(1716) 2044
(1717) 1973
(1718) 2005
(1719) 2027
(1720) 1992
(1721) 1957
(1722) 1957
(1723) 1877
(1724) 2016
(1725) 1982
(1726) 1894
(1727) 1947
(1728) 1894
(1729) 1901
(1730) 1894
(1731) 1846
(1732) 1812
(1733) 1831
(1734) 1860
(1735) 1809
(1736) 1878
(1737) 1868
(1738) 1800
(1739) 1924
(1740) 1836
(1741) 1786
(1742) 1765
(1743) 1823
(1744) 1753
(1745) 1711
(1746) 1698
(1747) 1782
(1748) 1693
(1749) 1776
(1750) 1654
(1751) 1712
(1752) 1599
(1753) 1666
(1754) 1609
(1755) 1651
(1756) 1660
(1757) 1653
(1758) 1647
(1759) 1610
(1760) 1647
(1761) 1678
(1762) 1574
(1763) 1559
(1764) 1594
(1765) 1534
(1766) 1509
(1767) 1599
(1768) 1618
(1769) 1518
(1770) 1547
(1771) 1568
(1772) 1437
(1773) 1492
(1774) 1398
(1775) 1448
(1776) 1465
(1777) 1411
(1778) 1504
(1779) 1401
(1780) 1476
(1781) 1450
(1782) 1404
(1783) 1409
(1784) 1446
(1785) 1392
(1786) 1378
(1787) 1330
(1788) 1386
(1789) 1391
(1790) 1381
(1791) 1453
(1792) 1338
(1793) 1287
(1794) 1316
(1795) 1395
(1796) 1386
(1797) 1252
(1798) 1311
(1799) 1290
(1800) 1351
(1801) 1317
(1802) 1282
(1803) 1310
(1804) 1305
(1805) 1273
(1806) 1296
(1807) 1235
(1808) 1215
(1809) 1245
(1810) 1260
(1811) 1216
(1812) 1263
(1813) 1170
(1814) 1174
(1815) 1238
(1816) 1178
(1817) 1216
(1818) 1185
(1819) 1181
(1820) 1194
(1821) 1204
(1822) 1132
(1823) 1133
(1824) 1135
(1825) 1123
(1826) 1137
(1827) 1106
(1828) 1098
(1829) 1166
(1830) 1070
(1831) 1136
(1832) 1137
(1833) 1109
(1834) 1098
(1835) 1041
(1836) 1061
(1837) 1064
(1838) 1065
(1839) 1103
(1840) 1009
(1841) 1004
(1842) 1095
(1843) 1036
(1844) 1034
(1845) 992
(1846) 1018
(1847) 1073
(1848) 1023
(1849) 983
(1850) 948
(1851) 1011
(1852) 964
(1853) 1024
(1854) 1028
(1855) 1011
(1856) 968
(1857) 976
(1858) 913
(1859) 964
(1860) 938
(1861) 946
(1862) 933
(1863) 910
(1864) 962
(1865) 940
(1866) 905
(1867) 914
(1868) 909
(1869) 894
(1870) 946
(1871) 907
(1872) 834
(1873) 929
(1874) 892
(1875) 860
(1876) 856
(1877) 844
(1878) 884
(1879) 859
(1880) 833
(1881) 811
(1882) 857
(1883) 860
(1884) 805
(1885) 827
(1886) 891
(1887) 796
(1888) 852
(1889) 837
(1890) 762
(1891) 780
(1892) 828
(1893) 791
(1894) 786
(1895) 768
(1896) 754
(1897) 740
(1898) 744
(1899) 711
(1900) 746
(1901) 777
(1902) 797
(1903) 764
(1904) 725
(1905) 782
(1906) 763
(1907) 736
(1908) 744
(1909) 694
(1910) 747
(1911) 720
(1912) 707
(1913) 696
(1914) 698
(1915) 721
(1916) 682
(1917) 715
(1918) 661
(1919) 654
(1920) 709
(1921) 679
(1922) 678
(1923) 683
(1924) 707
(1925) 651
(1926) 702
(1927) 618
(1928) 682
(1929) 655
(1930) 617
(1931) 641
(1932) 638
(1933) 615
(1934) 657
(1935) 623
(1936) 666
(1937) 595
(1938) 602
(1939) 606
(1940) 597
(1941) 621
(1942) 597
(1943) 598
(1944) 614
(1945) 624
(1946) 537
(1947) 585
(1948) 612
(1949) 562
(1950) 545
(1951) 577
(1952) 559
(1953) 575
(1954) 548
(1955) 545
(1956) 569
(1957) 584
(1958) 560
(1959) 591
(1960) 564
(1961) 526
(1962) 555
(1963) 558
(1964) 579
(1965) 560
(1966) 532
(1967) 515
(1968) 549
(1969) 513
(1970) 545
(1971) 530
(1972) 525
(1973) 494
(1974) 491
(1975) 508
(1976) 500
(1977) 495
(1978) 538
(1979) 530
(1980) 531
(1981) 481
(1982) 509
(1983) 497
(1984) 493
(1985) 505
(1986) 474
(1987) 468
(1988) 464
(1989) 508
(1990) 477
(1991) 467
(1992) 475
(1993) 454
(1994) 460
(1995) 467
(1996) 456
(1997) 428
(1998) 459
(1999) 480
(2000) 468
(2001) 460
(2002) 435
(2003) 434
(2004) 415
(2005) 411
(2006) 414
(2007) 439
(2008) 399
(2009) 409
(2010) 419
(2011) 429
(2012) 424
(2013) 416
(2014) 440
(2015) 457
(2016) 416
(2017) 384
(2018) 445
(2019) 440
(2020) 380
(2021) 417
(2022) 406
(2023) 403
(2024) 398
(2025) 394
(2026) 421
(2027) 377
(2028) 407
(2029) 409
(2030) 389
(2031) 370
(2032) 373
(2033) 387
(2034) 373
(2035) 412
(2036) 392
(2037) 351
(2038) 398
(2039) 366
(2040) 380
(2041) 418
(2042) 347
(2043) 364
(2044) 365
(2045) 343
(2046) 350
(2047) 355
(2048) 331
(2049) 341
(2050) 342
(2051) 365
(2052) 334
(2053) 330
(2054) 329
(2055) 344
(2056) 340
(2057) 330
(2058) 346
(2059) 337
(2060) 342
(2061) 301
(2062) 303
(2063) 331
(2064) 311
(2065) 300
(2066) 323
(2067) 317
(2068) 285
(2069) 315
(2070) 312
(2071) 316
(2072) 290
(2073) 310
(2074) 317
(2075) 319
(2076) 297
(2077) 285
(2078) 312
(2079) 311
(2080) 306
(2081) 291
(2082) 314
(2083) 315
(2084) 325
(2085) 275
(2086) 293
(2087) 321
(2088) 294
(2089) 263
(2090) 263
(2091) 274
(2092) 277
(2093) 280
(2094) 306
(2095) 289
(2096) 286
(2097) 287
(2098) 251
(2099) 261
(2100) 246
(2101) 268
(2102) 268
(2103) 262
(2104) 244
(2105) 279
(2106) 267
(2107) 300
(2108) 253
(2109) 243
(2110) 244
(2111) 238
(2112) 291
(2113) 251
(2114) 243
(2115) 233
(2116) 243
(2117) 243
(2118) 242
(2119) 270
(2120) 236
(2121) 272
(2122) 234
(2123) 228
(2124) 256
(2125) 228
(2126) 246
(2127) 221
(2128) 214
(2129) 239
(2130) 201
(2131) 226
(2132) 225
(2133) 217
(2134) 239
(2135) 239
(2136) 245
(2137) 226
(2138) 217
(2139) 204
(2140) 227
(2141) 220
(2142) 220
(2143) 205
(2144) 215
(2145) 228
(2146) 210
(2147) 209
(2148) 196
(2149) 200
(2150) 208
(2151) 207
(2152) 194
(2153) 228
(2154) 214
(2155) 214
(2156) 221
(2157) 180
(2158) 189
(2159) 157
(2160) 198
(2161) 210
(2162) 177
(2163) 211
(2164) 203
(2165) 225
(2166) 200
(2167) 187
(2168) 206
(2169) 203
(2170) 178
(2171) 215
(2172) 193
(2173) 167
(2174) 190
(2175) 184
(2176) 187
(2177) 206
(2178) 192
(2179) 199
(2180) 159
(2181) 192
(2182) 194
(2183) 167
(2184) 161
(2185) 160
(2186) 170
(2187) 156
(2188) 170
(2189) 206
(2190) 188
(2191) 171
(2192) 168
(2193) 167
(2194) 182
(2195) 186
(2196) 179
(2197) 166
(2198) 167
(2199) 182
(2200) 167
(2201) 174
(2202) 157
(2203) 167
(2204) 171
(2205) 169
(2206) 157
(2207) 161
(2208) 158
(2209) 165
(2210) 143
(2211) 160
(2212) 154
(2213) 146
(2214) 153
(2215) 146
(2216) 146
(2217) 168
(2218) 136
(2219) 170
(2220) 164
(2221) 137
(2222) 153
(2223) 174
(2224) 156
(2225) 159
(2226) 149
(2227) 154
(2228) 144
(2229) 147
(2230) 140
(2231) 143
(2232) 137
(2233) 160
(2234) 120
(2235) 139
(2236) 145
(2237) 162
(2238) 152
(2239) 131
(2240) 140
(2241) 155
(2242) 123
(2243) 114
(2244) 140
(2245) 137
(2246) 139
(2247) 160
(2248) 143
(2249) 143
(2250) 155
(2251) 132
(2252) 124
(2253) 131
(2254) 137
(2255) 132
(2256) 141
(2257) 131
(2258) 119
(2259) 129
(2260) 104
(2261) 104
(2262) 121
(2263) 129
(2264) 122
(2265) 119
(2266) 120
(2267) 120
(2268) 127
(2269) 120
(2270) 127
(2271) 116
(2272) 127
(2273) 112
(2274) 124
(2275) 102
(2276) 136
(2277) 117
(2278) 103
(2279) 142
(2280) 130
(2281) 130
(2282) 126
(2283) 99
(2284) 103
(2285) 119
(2286) 102
(2287) 118
(2288) 110
(2289) 114
(2290) 132
(2291) 126
(2292) 115
(2293) 110
(2294) 125
(2295) 107
(2296) 109
(2297) 110
(2298) 112
(2299) 96
(2300) 98
(2301) 112
(2302) 118
(2303) 113
(2304) 98
(2305) 96
(2306) 104
(2307) 79
(2308) 90
(2309) 98
(2310) 88
(2311) 101
(2312) 98
(2313) 113
(2314) 97
(2315) 96
(2316) 91
(2317) 69
(2318) 109
(2319) 102
(2320) 95
(2321) 86
(2322) 99
(2323) 95
(2324) 107
(2325) 93
(2326) 90
(2327) 90
(2328) 98
(2329) 107
(2330) 86
(2331) 91
(2332) 101
(2333) 81
(2334) 104
(2335) 96
(2336) 81
(2337) 82
(2338) 94
(2339) 103
(2340) 90
(2341) 98
(2342) 83
(2343) 88
(2344) 100
(2345) 85
(2346) 93
(2347) 102
(2348) 90
(2349) 83
(2350) 82
(2351) 80
(2352) 77
(2353) 71
(2354) 88
(2355) 94
(2356) 78
(2357) 109
(2358) 89
(2359) 114
(2360) 102
(2361) 94
(2362) 98
(2363) 89
(2364) 85
(2365) 83
(2366) 71
(2367) 71
(2368) 85
(2369) 76
(2370) 90
(2371) 76
(2372) 76
(2373) 97
(2374) 82
(2375) 78
(2376) 80
(2377) 79
(2378) 61
(2379) 96
(2380) 83
(2381) 75
(2382) 77
(2383) 89
(2384) 77
(2385) 69
(2386) 67
(2387) 70
(2388) 72
(2389) 79
(2390) 74
(2391) 80
(2392) 87
(2393) 77
(2394) 82
(2395) 78
(2396) 72
(2397) 75
(2398) 85
(2399) 71
(2400) 65
(2401) 72
(2402) 66
(2403) 75
(2404) 81
(2405) 68
(2406) 74
(2407) 63
(2408) 75
(2409) 74
(2410) 72
(2411) 78
(2412) 70
(2413) 65
(2414) 76
(2415) 79
(2416) 76
(2417) 72
(2418) 48
(2419) 70
(2420) 59
(2421) 72
(2422) 60
(2423) 63
(2424) 74
(2425) 79
(2426) 70
(2427) 54
(2428) 66
(2429) 76
(2430) 62
(2431) 57
(2432) 65
(2433) 65
(2434) 68
(2435) 74
(2436) 59
(2437) 69
(2438) 72
(2439) 54
(2440) 75
(2441) 69
(2442) 68
(2443) 68
(2444) 70
(2445) 54
(2446) 65
(2447) 74
(2448) 82
(2449) 66
(2450) 63
(2451) 63
(2452) 63
(2453) 58
(2454) 58
(2455) 69
(2456) 55
(2457) 72
(2458) 64
(2459) 59
(2460) 73
(2461) 46
(2462) 67
(2463) 61
(2464) 66
(2465) 48
(2466) 73
(2467) 48
(2468) 54
(2469) 41
(2470) 57
(2471) 55
(2472) 53
(2473) 72
(2474) 64
(2475) 75
(2476) 72
(2477) 56
(2478) 57
(2479) 49
(2480) 60
(2481) 55
(2482) 52
(2483) 63
(2484) 58
(2485) 54
(2486) 55
(2487) 48
(2488) 43
(2489) 50
(2490) 66
(2491) 59
(2492) 56
(2493) 51
(2494) 67
(2495) 70
(2496) 56
(2497) 51
(2498) 57
(2499) 44
(2500) 45
(2501) 57
(2502) 46
(2503) 49
(2504) 54
(2505) 60
(2506) 41
(2507) 51
(2508) 63
(2509) 47
(2510) 54
(2511) 61
(2512) 62
(2513) 44
(2514) 42
(2515) 52
(2516) 43
(2517) 56
(2518) 51
(2519) 45
(2520) 54
(2521) 57
(2522) 46
(2523) 56
(2524) 49
(2525) 44
(2526) 57
(2527) 43
(2528) 44
(2529) 48
(2530) 49
(2531) 53
(2532) 59
(2533) 59
(2534) 42
(2535) 44
(2536) 54
(2537) 47
(2538) 56
(2539) 50
(2540) 45
(2541) 40
(2542) 51
(2543) 62
(2544) 47
(2545) 59
(2546) 51
(2547) 46
(2548) 51
(2549) 49
(2550) 50
(2551) 47
(2552) 40
(2553) 45
(2554) 39
(2555) 42
(2556) 47
(2557) 54
(2558) 52
(2559) 41
(2560) 34
(2561) 47
(2562) 47
(2563) 52
(2564) 53
(2565) 39
(2566) 51
(2567) 57
(2568) 47
(2569) 53
(2570) 47
(2571) 51
(2572) 42
(2573) 50
(2574) 54
(2575) 41
(2576) 47
(2577) 37
(2578) 49
(2579) 56
(2580) 59
(2581) 41
(2582) 37
(2583) 41
(2584) 44
(2585) 40
(2586) 48
(2587) 44
(2588) 44
(2589) 45
(2590) 44
(2591) 47
(2592) 42
(2593) 47
(2594) 43
(2595) 43
(2596) 55
(2597) 50
(2598) 42
(2599) 48
(2600) 44
(2601) 38
(2602) 44
(2603) 58
(2604) 45
(2605) 38
(2606) 36
(2607) 49
(2608) 42
(2609) 45
(2610) 33
(2611) 49
(2612) 52
(2613) 53
(2614) 54
(2615) 44
(2616) 44
(2617) 40
(2618) 43
(2619) 49
(2620) 45
(2621) 51
(2622) 39
(2623) 45
(2624) 35
(2625) 47
(2626) 43
(2627) 25
(2628) 41
(2629) 43
(2630) 46
(2631) 40
(2632) 50
(2633) 29
(2634) 38
(2635) 46
(2636) 44
(2637) 29
(2638) 32
(2639) 57
(2640) 40
(2641) 48
(2642) 38
(2643) 44
(2644) 51
(2645) 41
(2646) 44
(2647) 34
(2648) 44
(2649) 40
(2650) 46
(2651) 36
(2652) 40
(2653) 35
(2654) 36
(2655) 31
(2656) 48
(2657) 34
(2658) 42
(2659) 40
(2660) 39
(2661) 39
(2662) 45
(2663) 49
(2664) 46
(2665) 38
(2666) 44
(2667) 43
(2668) 42
(2669) 42
(2670) 43
(2671) 43
(2672) 42
(2673) 39
(2674) 32
(2675) 36
(2676) 32
(2677) 41
(2678) 42
(2679) 31
(2680) 41
(2681) 41
(2682) 39
(2683) 37
(2684) 36
(2685) 50
(2686) 45
(2687) 45
(2688) 43
(2689) 41
(2690) 38
(2691) 43
(2692) 30
(2693) 31
(2694) 43
(2695) 26
(2696) 28
(2697) 53
(2698) 40
(2699) 31
(2700) 42
(2701) 49
(2702) 47
(2703) 32
(2704) 44
(2705) 36
(2706) 34
(2707) 35
(2708) 43
(2709) 33
(2710) 44
(2711) 33
(2712) 38
(2713) 39
(2714) 37
(2715) 25
(2716) 28
(2717) 40
(2718) 36
(2719) 45
(2720) 34
(2721) 44
(2722) 39
(2723) 45
(2724) 40
(2725) 38
(2726) 33
(2727) 40
(2728) 45
(2729) 34
(2730) 34
(2731) 35
(2732) 42
(2733) 38
(2734) 37
(2735) 32
(2736) 39
(2737) 34
(2738) 32
(2739) 36
(2740) 46
(2741) 33
(2742) 30
(2743) 39
(2744) 43
(2745) 38
(2746) 40
(2747) 23
(2748) 38
(2749) 40
(2750) 39
(2751) 33
(2752) 49
(2753) 32
(2754) 44
(2755) 33
(2756) 46
(2757) 34
(2758) 33
(2759) 37
(2760) 38
(2761) 54
(2762) 37
(2763) 37
(2764) 32
(2765) 38
(2766) 38
(2767) 44
(2768) 34
(2769) 30
(2770) 39
(2771) 37
(2772) 42
(2773) 45
(2774) 29
(2775) 40
(2776) 23
(2777) 40
(2778) 40
(2779) 33
(2780) 34
(2781) 42
(2782) 34
(2783) 31
(2784) 36
(2785) 39
(2786) 42
(2787) 41
(2788) 31
(2789) 33
(2790) 34
(2791) 31
(2792) 26
(2793) 37
(2794) 33
(2795) 37
(2796) 43
(2797) 26
(2798) 42
(2799) 26
(2800) 38
(2801) 40
(2802) 27
(2803) 34
(2804) 38
(2805) 33
(2806) 35
(2807) 40
(2808) 30
(2809) 28
(2810) 29
(2811) 33
(2812) 42
(2813) 29
(2814) 41
(2815) 36
(2816) 37
(2817) 33
(2818) 25
(2819) 48
(2820) 38
(2821) 49
(2822) 36
(2823) 39
(2824) 27
(2825) 44
(2826) 44
(2827) 36
(2828) 41
(2829) 36
(2830) 29
(2831) 35
(2832) 37
(2833) 48
(2834) 34
(2835) 33
(2836) 38
(2837) 46
(2838) 26
(2839) 26
(2840) 31
(2841) 36
(2842) 34
(2843) 31
(2844) 25
(2845) 38
(2846) 36
(2847) 37
(2848) 33
(2849) 31
(2850) 25
(2851) 38
(2852) 37
(2853) 41
(2854) 31
(2855) 32
(2856) 33
(2857) 35
(2858) 36
(2859) 33
(2860) 33
(2861) 37
(2862) 44
(2863) 35
(2864) 36
(2865) 28
(2866) 27
(2867) 43
(2868) 25
(2869) 35
(2870) 37
(2871) 31
(2872) 25
(2873) 37
(2874) 34
(2875) 33
(2876) 33
(2877) 34
(2878) 35
(2879) 29
(2880) 39
(2881) 39
(2882) 37
(2883) 31
(2884) 27
(2885) 42
(2886) 51
(2887) 26
(2888) 36
(2889) 32
(2890) 34
(2891) 37
(2892) 32
(2893) 33
(2894) 28
(2895) 28
(2896) 33
(2897) 32
(2898) 30
(2899) 39
(2900) 34
(2901) 39
(2902) 32
(2903) 40
(2904) 32
(2905) 29
(2906) 44
(2907) 36
(2908) 37
(2909) 26
(2910) 39
(2911) 31
(2912) 35
(2913) 49
(2914) 40
(2915) 24
(2916) 29
(2917) 35
(2918) 50
(2919) 34
(2920) 35
(2921) 31
(2922) 39
(2923) 29
(2924) 38
(2925) 39
(2926) 32
(2927) 33
(2928) 36
(2929) 26
(2930) 35
(2931) 35
(2932) 36
(2933) 39
(2934) 29
(2935) 28
(2936) 37
(2937) 27
(2938) 34
(2939) 26
(2940) 40
(2941) 30
(2942) 37
(2943) 32
(2944) 25
(2945) 31
(2946) 25
(2947) 35
(2948) 25
(2949) 25
(2950) 40
(2951) 33
(2952) 28
(2953) 39
(2954) 45
(2955) 39
(2956) 27
(2957) 34
(2958) 28
(2959) 37
(2960) 33
(2961) 30
(2962) 32
(2963) 26
(2964) 35
(2965) 31
(2966) 35
(2967) 40
(2968) 36
(2969) 26
(2970) 27
(2971) 30
(2972) 33
(2973) 32
(2974) 30
(2975) 48
(2976) 29
(2977) 39
(2978) 37
(2979) 31
(2980) 27
(2981) 30
(2982) 26
(2983) 28
(2984) 47
(2985) 36
(2986) 29
(2987) 39
(2988) 26
(2989) 31
(2990) 35
(2991) 24
(2992) 27
(2993) 39
(2994) 38
(2995) 32
(2996) 29
(2997) 33
(2998) 38
(2999) 28
(3000) 30
(3001) 35
(3002) 31
(3003) 36
(3004) 33
(3005) 26
(3006) 24
(3007) 29
(3008) 29
(3009) 27
(3010) 26
(3011) 31
(3012) 33
(3013) 31
(3014) 43
(3015) 31
(3016) 23
(3017) 37
(3018) 36
(3019) 26
(3020) 27
(3021) 27
(3022) 27
(3023) 37
(3024) 33
(3025) 36
(3026) 37
(3027) 37
(3028) 29
(3029) 35
(3030) 35
(3031) 33
(3032) 36
(3033) 38
(3034) 27
(3035) 34
(3036) 38
(3037) 23
(3038) 36
(3039) 38
(3040) 29
(3041) 37
(3042) 29
(3043) 37
(3044) 30
(3045) 35
(3046) 29
(3047) 26
(3048) 27
(3049) 41
(3050) 40
(3051) 26
(3052) 40
(3053) 22
(3054) 38
(3055) 33
(3056) 30
(3057) 33
(3058) 38
(3059) 37
(3060) 25
(3061) 37
(3062) 36
(3063) 29
(3064) 32
(3065) 28
(3066) 22
(3067) 42
(3068) 30
(3069) 32
(3070) 27
(3071) 37
(3072) 32
(3073) 40
(3074) 31
(3075) 35
(3076) 31
(3077) 40
(3078) 27
(3079) 34
(3080) 26
(3081) 31
(3082) 31
(3083) 29
(3084) 36
(3085) 26
(3086) 44
(3087) 36
(3088) 32
(3089) 28
(3090) 23
(3091) 30
(3092) 33
(3093) 38
(3094) 25
(3095) 25
(3096) 36
(3097) 27
(3098) 36
(3099) 27
(3100) 46
(3101) 37
(3102) 29
(3103) 31
(3104) 42
(3105) 43
(3106) 30
(3107) 29
(3108) 34
(3109) 36
(3110) 34
(3111) 26
(3112) 31
(3113) 33
(3114) 29
(3115) 36
(3116) 30
(3117) 29
(3118) 30
(3119) 18
(3120) 27
(3121) 41
(3122) 30
(3123) 28
(3124) 45
(3125) 23
(3126) 36
(3127) 43
(3128) 30
(3129) 33
(3130) 22
(3131) 39
(3132) 30
(3133) 32
(3134) 36
(3135) 37
(3136) 36
(3137) 16
(3138) 38
(3139) 28
(3140) 36
(3141) 29
(3142) 36
(3143) 32
(3144) 24
(3145) 18
(3146) 25
(3147) 27
(3148) 33
(3149) 31
(3150) 38
(3151) 28
(3152) 47
(3153) 25
(3154) 21
(3155) 33
(3156) 27
(3157) 28
(3158) 34
(3159) 27
(3160) 44
(3161) 32
(3162) 37
(3163) 27
(3164) 40
(3165) 29
(3166) 36
(3167) 37
(3168) 37
(3169) 27
(3170) 34
(3171) 27
(3172) 37
(3173) 36
(3174) 28
(3175) 35
(3176) 32
(3177) 37
(3178) 28
(3179) 33
(3180) 41
(3181) 32
(3182) 31
(3183) 36
(3184) 44
(3185) 38
(3186) 34
(3187) 32
(3188) 34
(3189) 27
(3190) 28
(3191) 22
(3192) 32
(3193) 32
(3194) 29
(3195) 41
(3196) 37
(3197) 34
(3198) 32
(3199) 26
(3200) 24
(3201) 29
(3202) 24
(3203) 23
(3204) 24
(3205) 28
(3206) 35
(3207) 27
(3208) 35
(3209) 29
(3210) 24
(3211) 26
(3212) 33
(3213) 25
(3214) 34
(3215) 22
(3216) 30
(3217) 16
(3218) 27
(3219) 30
(3220) 35
(3221) 26
(3222) 24
(3223) 44
(3224) 32
(3225) 30
(3226) 31
(3227) 28
(3228) 28
(3229) 22
(3230) 26
(3231) 24
(3232) 37
(3233) 27
(3234) 30
(3235) 29
(3236) 29
(3237) 31
(3238) 29
(3239) 38
(3240) 35
(3241) 26
(3242) 28
(3243) 28
(3244) 28
(3245) 37
(3246) 32
(3247) 34
(3248) 25
(3249) 39
(3250) 37
(3251) 35
(3252) 31
(3253) 27
(3254) 36
(3255) 40
(3256) 18
(3257) 27
(3258) 27
(3259) 30
(3260) 31
(3261) 42
(3262) 41
(3263) 25
(3264) 35
(3265) 26
(3266) 29
(3267) 32
(3268) 40
(3269) 24
(3270) 33
(3271) 31
(3272) 25
(3273) 36
(3274) 23
(3275) 22
(3276) 28
(3277) 29
(3278) 25
(3279) 37
(3280) 23
(3281) 27
(3282) 31
(3283) 34
(3284) 19
(3285) 25
(3286) 50
(3287) 31
(3288) 34
(3289) 42
(3290) 27
(3291) 25
(3292) 32
(3293) 22
(3294) 40
(3295) 29
(3296) 35
(3297) 25
(3298) 29
(3299) 27
(3300) 28
(3301) 36
(3302) 19
(3303) 26
(3304) 26
(3305) 37
(3306) 42
(3307) 31
(3308) 35
(3309) 19
(3310) 22
(3311) 29
(3312) 31
(3313) 30
(3314) 33
(3315) 35
(3316) 20
(3317) 35
(3318) 28
(3319) 32
(3320) 29
(3321) 33
(3322) 40
(3323) 32
(3324) 32
(3325) 34
(3326) 50
(3327) 36
(3328) 31
(3329) 32
(3330) 40
(3331) 41
(3332) 27
(3333) 33
(3334) 28
(3335) 30
(3336) 33
(3337) 26
(3338) 31
(3339) 42
(3340) 34
(3341) 26
(3342) 35
(3343) 35
(3344) 32
(3345) 33
(3346) 32
(3347) 23
(3348) 26
(3349) 31
(3350) 30
(3351) 27
(3352) 32
(3353) 36
(3354) 25
(3355) 51
(3356) 28
(3357) 28
(3358) 19
(3359) 34
(3360) 32
(3361) 35
(3362) 21
(3363) 29
(3364) 34
(3365) 24
(3366) 27
(3367) 34
(3368) 38
(3369) 31
(3370) 38
(3371) 37
(3372) 30
(3373) 34
(3374) 28
(3375) 34
(3376) 28
(3377) 23
(3378) 41
(3379) 48
(3380) 31
(3381) 26
(3382) 32
(3383) 30
(3384) 33
(3385) 24
(3386) 28
(3387) 30
(3388) 22
(3389) 24
(3390) 34
(3391) 30
(3392) 28
(3393) 39
(3394) 34
(3395) 32
(3396) 32
(3397) 18
(3398) 34
(3399) 24
(3400) 42
(3401) 27
(3402) 18
(3403) 33
(3404) 34
(3405) 22
(3406) 29
(3407) 24
(3408) 26
(3409) 28
(3410) 31
(3411) 30
(3412) 44
(3413) 28
(3414) 33
(3415) 19
(3416) 23
(3417) 29
(3418) 27
(3419) 30
(3420) 32
(3421) 27
(3422) 34
(3423) 19
(3424) 26
(3425) 32
(3426) 28
(3427) 37
(3428) 30
(3429) 40
(3430) 28
(3431) 31
(3432) 34
(3433) 30
(3434) 30
(3435) 40
(3436) 29
(3437) 24
(3438) 23
(3439) 32
(3440) 27
(3441) 28
(3442) 30
(3443) 31
(3444) 36
(3445) 40
(3446) 37
(3447) 29
(3448) 23
(3449) 40
(3450) 40
(3451) 30
(3452) 29
(3453) 32
(3454) 39
(3455) 30
(3456) 40
(3457) 21
(3458) 19
(3459) 36
(3460) 34
(3461) 35
(3462) 30
(3463) 27
(3464) 29
(3465) 21
(3466) 28
(3467) 20
(3468) 35
(3469) 20
(3470) 35
(3471) 28
(3472) 27
(3473) 26
(3474) 31
(3475) 10
(3476) 25
(3477) 26
(3478) 25
(3479) 28
(3480) 23
(3481) 32
(3482) 32
(3483) 32
(3484) 37
(3485) 28
(3486) 24
(3487) 30
(3488) 39
(3489) 23
(3490) 25
(3491) 25
(3492) 36
(3493) 22
(3494) 29
(3495) 27
(3496) 22
(3497) 21
(3498) 29
(3499) 32
(3500) 28
(3501) 20
(3502) 26
(3503) 34
(3504) 24
(3505) 34
(3506) 37
(3507) 30
(3508) 19
(3509) 23
(3510) 27
(3511) 22
(3512) 22
(3513) 33
(3514) 27
(3515) 26
(3516) 29
(3517) 22
(3518) 28
(3519) 29
(3520) 31
(3521) 25
(3522) 30
(3523) 26
(3524) 32
(3525) 22
(3526) 31
(3527) 28
(3528) 40
(3529) 32
(3530) 33
(3531) 28
(3532) 24
(3533) 29
(3534) 29
(3535) 28
(3536) 27
(3537) 37
(3538) 34
(3539) 41
(3540) 31
(3541) 25
(3542) 21
(3543) 37
(3544) 28
(3545) 22
(3546) 33
(3547) 30
(3548) 30
(3549) 27
(3550) 23
(3551) 28
(3552) 28
(3553) 26
(3554) 19
(3555) 31
(3556) 24
(3557) 26
(3558) 32
(3559) 22
(3560) 30
(3561) 32
(3562) 23
(3563) 22
(3564) 31
(3565) 32
(3566) 22
(3567) 43
(3568) 40
(3569) 22
(3570) 31
(3571) 40
(3572) 32
(3573) 30
(3574) 24
(3575) 25
(3576) 42
(3577) 29
(3578) 22
(3579) 21
(3580) 22
(3581) 35
(3582) 24
(3583) 16
(3584) 29
(3585) 28
(3586) 32
(3587) 30
(3588) 32
(3589) 29
(3590) 27
(3591) 29
(3592) 28
(3593) 37
(3594) 31
(3595) 29
(3596) 17
(3597) 27
(3598) 26
(3599) 27
(3600) 23
(3601) 37
(3602) 43
(3603) 35
(3604) 27
(3605) 27
(3606) 26
(3607) 36
(3608) 30
(3609) 31
(3610) 21
(3611) 31
(3612) 25
(3613) 35
(3614) 25
(3615) 24
(3616) 21
(3617) 34
(3618) 22
(3619) 28
(3620) 29
(3621) 31
(3622) 16
(3623) 38
(3624) 29
(3625) 14
(3626) 24
(3627) 21
(3628) 25
(3629) 28
(3630) 28
(3631) 22
(3632) 21
(3633) 28
(3634) 33
(3635) 31
(3636) 27
(3637) 34
(3638) 26
(3639) 15
(3640) 27
(3641) 32
(3642) 28
(3643) 32
(3644) 36
(3645) 24
(3646) 27
(3647) 26
(3648) 26
(3649) 23
(3650) 28
(3651) 25
(3652) 25
(3653) 38
(3654) 37
(3655) 30
(3656) 26
(3657) 33
(3658) 28
(3659) 35
(3660) 31
(3661) 34
(3662) 26
(3663) 16
(3664) 29
(3665) 18
(3666) 32
(3667) 24
(3668) 22
(3669) 25
(3670) 25
(3671) 24
(3672) 37
(3673) 28
(3674) 35
(3675) 26
(3676) 21
(3677) 25
(3678) 21
(3679) 35
(3680) 22
(3681) 15
(3682) 28
(3683) 29
(3684) 31
(3685) 31
(3686) 35
(3687) 28
(3688) 26
(3689) 25
(3690) 31
(3691) 32
(3692) 39
(3693) 22
(3694) 32
(3695) 30
(3696) 17
(3697) 34
(3698) 29
(3699) 27
(3700) 22
(3701) 26
(3702) 22
(3703) 24
(3704) 24
(3705) 27
(3706) 31
(3707) 20
(3708) 24
(3709) 29
(3710) 27
(3711) 27
(3712) 27
(3713) 35
(3714) 23
(3715) 22
(3716) 20
(3717) 31
(3718) 22
(3719) 25
(3720) 21
(3721) 22
(3722) 24
(3723) 31
(3724) 39
(3725) 27
(3726) 21
(3727) 36
(3728) 23
(3729) 30
(3730) 27
(3731) 20
(3732) 44
(3733) 35
(3734) 27
(3735) 20
(3736) 20
(3737) 30
(3738) 31
(3739) 26
(3740) 29
(3741) 23
(3742) 27
(3743) 18
(3744) 30
(3745) 27
(3746) 22
(3747) 25
(3748) 39
(3749) 30
(3750) 26
(3751) 32
(3752) 20
(3753) 31
(3754) 35
(3755) 23
(3756) 28
(3757) 25
(3758) 25
(3759) 29
(3760) 25
(3761) 27
(3762) 23
(3763) 28
(3764) 22
(3765) 28
(3766) 24
(3767) 29
(3768) 31
(3769) 32
(3770) 33
(3771) 22
(3772) 27
(3773) 22
(3774) 34
(3775) 26
(3776) 19
(3777) 35
(3778) 22
(3779) 27
(3780) 28
(3781) 27
(3782) 24
(3783) 24
(3784) 31
(3785) 25
(3786) 23
(3787) 19
(3788) 28
(3789) 18
(3790) 29
(3791) 17
(3792) 24
(3793) 29
(3794) 33
(3795) 22
(3796) 31
(3797) 28
(3798) 22
(3799) 38
(3800) 23
(3801) 22
(3802) 33
(3803) 31
(3804) 25
(3805) 27
(3806) 20
(3807) 27
(3808) 28
(3809) 25
(3810) 29
(3811) 32
(3812) 20
(3813) 32
(3814) 31
(3815) 31
(3816) 28
(3817) 34
(3818) 30
(3819) 33
(3820) 40
(3821) 21
(3822) 28
(3823) 24
(3824) 24
(3825) 22
(3826) 31
(3827) 22
(3828) 27
(3829) 19
(3830) 24
(3831) 31
(3832) 23
(3833) 20
(3834) 37
(3835) 26
(3836) 25
(3837) 32
(3838) 28
(3839) 19
(3840) 36
(3841) 29
(3842) 35
(3843) 22
(3844) 32
(3845) 35
(3846) 32
(3847) 28
(3848) 22
(3849) 28
(3850) 27
(3851) 20
(3852) 25
(3853) 20
(3854) 25
(3855) 25
(3856) 25
(3857) 22
(3858) 25
(3859) 31
(3860) 32
(3861) 25
(3862) 30
(3863) 26
(3864) 31
(3865) 18
(3866) 35
(3867) 27
(3868) 23
(3869) 17
(3870) 23
(3871) 17
(3872) 24
(3873) 23
(3874) 28
(3875) 24
(3876) 20
(3877) 36
(3878) 20
(3879) 22
(3880) 11
(3881) 25
(3882) 24
(3883) 32
(3884) 28
(3885) 24
(3886) 20
(3887) 22
(3888) 24
(3889) 22
(3890) 23
(3891) 27
(3892) 15
(3893) 20
(3894) 20
(3895) 18
(3896) 22
(3897) 21
(3898) 20
(3899) 15
(3900) 26
(3901) 30
(3902) 25
(3903) 21
(3904) 16
(3905) 19
(3906) 20
(3907) 22
(3908) 22
(3909) 20
(3910) 23
(3911) 23
(3912) 23
(3913) 20
(3914) 33
(3915) 21
(3916) 24
(3917) 22
(3918) 20
(3919) 13
(3920) 17
(3921) 25
(3922) 14
(3923) 21
(3924) 32
(3925) 21
(3926) 24
(3927) 13
(3928) 17
(3929) 21
(3930) 24
(3931) 20
(3932) 16
(3933) 19
(3934) 20
(3935) 16
(3936) 17
(3937) 23
(3938) 23
(3939) 17
(3940) 20
(3941) 23
(3942) 16
(3943) 23
(3944) 22
(3945) 10
(3946) 21
(3947) 19
(3948) 28
(3949) 21
(3950) 11
(3951) 17
(3952) 15
(3953) 25
(3954) 20
(3955) 23
(3956) 14
(3957) 18
(3958) 16
(3959) 21
(3960) 21
(3961) 14
(3962) 15
(3963) 17
(3964) 20
(3965) 28
(3966) 13
(3967) 17
(3968) 22
(3969) 17
(3970) 20
(3971) 23
(3972) 14
(3973) 19
(3974) 17
(3975) 16
(3976) 26
(3977) 22
(3978) 19
(3979) 19
(3980) 17
(3981) 23
(3982) 20
(3983) 22
(3984) 10
(3985) 13
(3986) 11
(3987) 25
(3988) 13
(3989) 19
(3990) 18
(3991) 24
(3992) 14
(3993) 19
(3994) 24
(3995) 13
(3996) 15
(3997) 14
(3998) 9
(3999) 23
(4000) 16
(4001) 18
(4002) 17
(4003) 12
(4004) 14
(4005) 21
(4006) 17
(4007) 8
(4008) 9
(4009) 16
(4010) 8
(4011) 13
(4012) 16
(4013) 9
(4014) 13
(4015) 15
(4016) 11
(4017) 22
(4018) 13
(4019) 13
(4020) 24
(4021) 7
(4022) 15
(4023) 10
(4024) 17
(4025) 13
(4026) 14
(4027) 13
(4028) 12
(4029) 11
(4030) 12
(4031) 13
(4032) 14
(4033) 9
(4034) 10
(4035) 7
(4036) 13
(4037) 10
(4038) 9
(4039) 15
(4040) 11
(4041) 10
(4042) 5
(4043) 16
(4044) 13
(4045) 8
(4046) 10
(4047) 6
(4048) 9
(4049) 8
(4050) 8
(4051) 12
(4052) 5
(4053) 15
(4054) 8
(4055) 8
(4056) 8
(4057) 10
(4058) 11
(4059) 10
(4060) 7
(4061) 8
(4062) 4
(4063) 4
(4064) 5
(4065) 6
(4066) 5
(4067) 8
(4068) 4
(4069) 5
(4070) 9
(4071) 6
(4072) 2
(4073) 1
(4075) 4
(4076) 4
(4077) 1
(4078) 4
(4079) 3
(4080) 2
(4081) 7
(4082) 8
(4083) 1
(4084) 6
(4085) 3
(4086) 1
(4087) 3
(4091) 2
(-1) -1
