"crs_qdc_00_energy" (4096)
Fri Jun 20 08:55:56 2008
 3
1 long 
("crs.qdc.0.energy")
(0 4096) 
--------------------------------------------
(52) 2
(53) 19
(54) 528
(55) 3771
(56) 12648
(57) 27957
(58) 65448
(59) 426427
(60) 430949
(61) 370416
(62) 356071
(63) 1791858
(64) 3680028
(65) 658282
(66) 596448
(67) 626577
(68) 571355
(69) 458228
(70) 557214
(71) 509724
(72) 669494
(73) 717729
(74) 636063
(75) 741724
(76) 392249
(77) 39381
(78) 9924
(79) 8486
(80) 7328
(81) 6951
(82) 6673
(83) 6465
(84) 6412
(85) 6359
(86) 6313
(87) 6276
(88) 6292
(89) 6148
(90) 6337
(91) 6358
(92) 6485
(93) 6450
(94) 6413
(95) 6718
(96) 6773
(97) 6838
(98) 7157
(99) 7019
(100) 7049
(101) 7272
(102) 7473
(103) 7441
(104) 7615
(105) 7525
(106) 7636
(107) 7629
(108) 7867
(109) 7672
(110) 7885
(111) 7961
(112) 7808
(113) 7879
(114) 7746
(115) 7820
(116) 7746
(117) 7717
(118) 7742
(119) 7615
(120) 7594
(121) 7679
(122) 7487
(123) 7391
(124) 7317
(125) 7311
(126) 6929
(127) 6962
(128) 6910
(129) 6966
(130) 6769
(131) 6767
(132) 6877
(133) 6752
(134) 6472
(135) 6652
(136) 6443
(137) 6349
(138) 6332
(139) 6330
(140) 6230
(141) 5984
(142) 6065
(143) 6145
(144) 6097
(145) 5946
(146) 6030
(147) 6019
(148) 5914
(149) 5903
(150) 5904
(151) 5916
(152) 5904
(153) 5789
(154) 5853
(155) 5772
(156) 5959
(157) 5743
(158) 5580
(159) 5913
(160) 5773
(161) 5906
(162) 5670
(163) 5745
(164) 5858
(165) 5664
(166) 5586
(167) 5765
(168) 5676
(169) 5833
(170) 5785
(171) 5768
(172) 5712
(173) 5605
(174) 5777
(175) 5700
(176) 5680
(177) 5692
(178) 5740
(179) 5583
(180) 5693
(181) 5753
(182) 5707
(183) 5721
(184) 5735
(185) 5629
(186) 5716
(187) 5453
(188) 5555
(189) 5771
(190) 5595
(191) 5643
(192) 5660
(193) 5715
(194) 5689
(195) 5564
(196) 5544
(197) 5429
(198) 5621
(199) 5520
(200) 5670
(201) 5766
(202) 5686
(203) 5557
(204) 5554
(205) 5607
(206) 5698
(207) 5539
(208) 5634
(209) 5444
(210) 5711
(211) 5505
(212) 5499
(213) 5492
(214) 5588
(215) 5593
(216) 5610
(217) 5535
(218) 5514
(219) 5525
(220) 5546
(221) 5650
(222) 5453
(223) 5652
(224) 5574
(225) 5443
(226) 5644
(227) 5643
(228) 5560
(229) 5667
(230) 5482
(231) 5709
(232) 5559
(233) 5539
(234) 5581
(235) 5523
(236) 5451
(237) 5617
(238) 5487
(239) 5454
(240) 5387
(241) 5576
(242) 5386
(243) 5515
(244) 5524
(245) 5447
(246) 5503
(247) 5616
(248) 5383
(249) 5470
(250) 5504
(251) 5507
(252) 5445
(253) 5385
(254) 5428
(255) 5380
(256) 5519
(257) 5341
(258) 5602
(259) 5370
(260) 5397
(261) 5438
(262) 5308
(263) 5486
(264) 5468
(265) 5447
(266) 5444
(267) 5233
(268) 5297
(269) 5346
(270) 5286
(271) 5384
(272) 5394
(273) 5412
(274) 5404
(275) 5401
(276) 5282
(277) 5451
(278) 5311
(279) 5425
(280) 5267
(281) 5362
(282) 5520
(283) 5386
(284) 5335
(285) 5317
(286) 5405
(287) 5336
(288) 5329
(289) 5356
(290) 5403
(291) 5351
(292) 5454
(293) 5390
(294) 5325
(295) 5403
(296) 5287
(297) 5296
(298) 5370
(299) 5384
(300) 5232
(301) 5267
(302) 5450
(303) 5310
(304) 5411
(305) 5398
(306) 5367
(307) 5346
(308) 5186
(309) 5466
(310) 5411
(311) 5488
(312) 5357
(313) 5503
(314) 5385
(315) 5371
(316) 5330
(317) 5417
(318) 5312
(319) 5413
(320) 5453
(321) 5438
(322) 5390
(323) 5414
(324) 5396
(325) 5672
(326) 5576
(327) 5690
(328) 5610
(329) 5692
(330) 5800
(331) 5768
(332) 5975
(333) 5961
(334) 5927
(335) 6121
(336) 6264
(337) 6099
(338) 6258
(339) 6400
(340) 6255
(341) 6407
(342) 6386
(343) 6505
(344) 6511
(345) 6534
(346) 6443
(347) 6616
(348) 6655
(349) 6547
(350) 6851
(351) 6757
(352) 6941
(353) 6848
(354) 6751
(355) 7054
(356) 7060
(357) 6953
(358) 6927
(359) 6943
(360) 7072
(361) 7127
(362) 7254
(363) 7097
(364) 7133
(365) 7159
(366) 7173
(367) 7151
(368) 7204
(369) 7208
(370) 7277
(371) 7185
(372) 7278
(373) 7326
(374) 7274
(375) 7338
(376) 7297
(377) 7328
(378) 7159
(379) 7286
(380) 7369
(381) 7247
(382) 7291
(383) 7259
(384) 7451
(385) 7337
(386) 7453
(387) 7486
(388) 7362
(389) 7194
(390) 7372
(391) 7542
(392) 7385
(393) 7323
(394) 7241
(395) 7391
(396) 7353
(397) 7339
(398) 7377
(399) 7274
(400) 7467
(401) 7302
(402) 7171
(403) 7236
(404) 7303
(405) 7438
(406) 7278
(407) 7203
(408) 7284
(409) 7345
(410) 7519
(411) 7188
(412) 7362
(413) 7401
(414) 7268
(415) 7234
(416) 7439
(417) 7465
(418) 7343
(419) 7236
(420) 7407
(421) 7113
(422) 7216
(423) 7277
(424) 7314
(425) 7347
(426) 7306
(427) 7129
(428) 7361
(429) 7356
(430) 7093
(431) 7325
(432) 7301
(433) 7305
(434) 7151
(435) 7372
(436) 7265
(437) 7251
(438) 7209
(439) 7324
(440) 7231
(441) 7342
(442) 7257
(443) 7167
(444) 7173
(445) 7265
(446) 7038
(447) 7138
(448) 7165
(449) 6991
(450) 7170
(451) 6957
(452) 7128
(453) 7183
(454) 7228
(455) 7129
(456) 7249
(457) 7093
(458) 7227
(459) 6954
(460) 7214
(461) 7146
(462) 6985
(463) 7059
(464) 7087
(465) 7061
(466) 7115
(467) 6934
(468) 7094
(469) 6994
(470) 7250
(471) 7029
(472) 6960
(473) 7101
(474) 6993
(475) 6975
(476) 6923
(477) 6834
(478) 6835
(479) 6986
(480) 7061
(481) 7099
(482) 6855
(483) 6792
(484) 6930
(485) 6862
(486) 6936
(487) 6869
(488) 6906
(489) 6920
(490) 6813
(491) 6975
(492) 6839
(493) 6818
(494) 6874
(495) 6848
(496) 6681
(497) 6786
(498) 6803
(499) 6768
(500) 6684
(501) 6758
(502) 6714
(503) 6705
(504) 6664
(505) 6698
(506) 6676
(507) 6646
(508) 6406
(509) 6678
(510) 6681
(511) 6521
(512) 6401
(513) 6623
(514) 6599
(515) 6417
(516) 6498
(517) 6462
(518) 6601
(519) 6551
(520) 6463
(521) 6463
(522) 6466
(523) 6476
(524) 6439
(525) 6315
(526) 6224
(527) 6331
(528) 6091
(529) 6379
(530) 6297
(531) 6131
(532) 6230
(533) 6221
(534) 6104
(535) 6185
(536) 6162
(537) 6193
(538) 6073
(539) 6060
(540) 5999
(541) 6024
(542) 6122
(543) 6090
(544) 6037
(545) 5945
(546) 5944
(547) 5986
(548) 5889
(549) 5797
(550) 5837
(551) 5856
(552) 5814
(553) 5908
(554) 5733
(555) 5791
(556) 5700
(557) 5741
(558) 5529
(559) 5757
(560) 5606
(561) 5771
(562) 5689
(563) 5663
(564) 5583
(565) 5444
(566) 5637
(567) 5438
(568) 5386
(569) 5605
(570) 5437
(571) 5432
(572) 5365
(573) 5366
(574) 5396
(575) 5327
(576) 5327
(577) 5294
(578) 5233
(579) 5245
(580) 5365
(581) 5195
(582) 5201
(583) 5239
(584) 5221
(585) 5147
(586) 5166
(587) 5071
(588) 5036
(589) 4992
(590) 4873
(591) 4805
(592) 5011
(593) 4930
(594) 4998
(595) 4920
(596) 4903
(597) 4721
(598) 4797
(599) 4722
(600) 4735
(601) 4790
(602) 4740
(603) 4560
(604) 4587
(605) 4610
(606) 4711
(607) 4547
(608) 4582
(609) 4554
(610) 4578
(611) 4472
(612) 4594
(613) 4561
(614) 4459
(615) 4389
(616) 4492
(617) 4434
(618) 4383
(619) 4347
(620) 4361
(621) 4336
(622) 4272
(623) 4280
(624) 4233
(625) 4337
(626) 4233
(627) 4293
(628) 4179
(629) 4132
(630) 4249
(631) 4100
(632) 4246
(633) 4046
(634) 4067
(635) 4116
(636) 3979
(637) 3958
(638) 3918
(639) 3948
(640) 3960
(641) 4017
(642) 3858
(643) 3891
(644) 3826
(645) 3791
(646) 3888
(647) 3808
(648) 3745
(649) 3776
(650) 3700
(651) 3565
(652) 3649
(653) 3663
(654) 3680
(655) 3682
(656) 3561
(657) 3609
(658) 3592
(659) 3485
(660) 3574
(661) 3577
(662) 3499
(663) 3600
(664) 3401
(665) 3364
(666) 3417
(667) 3402
(668) 3327
(669) 3312
(670) 3467
(671) 3225
(672) 3335
(673) 3482
(674) 3215
(675) 3252
(676) 3221
(677) 3265
(678) 3187
(679) 3236
(680) 3176
(681) 3171
(682) 3166
(683) 3151
(684) 3040
(685) 3140
(686) 2995
(687) 2991
(688) 3060
(689) 3022
(690) 3083
(691) 2968
(692) 3004
(693) 3109
(694) 2912
(695) 2976
(696) 2861
(697) 2926
(698) 2990
(699) 2887
(700) 2888
(701) 2824
(702) 2869
(703) 2949
(704) 2817
(705) 2760
(706) 2816
(707) 2814
(708) 2712
(709) 2704
(710) 2801
(711) 2763
(712) 2688
(713) 2676
(714) 2583
(715) 2604
(716) 2609
(717) 2603
(718) 2646
(719) 2631
(720) 2660
(721) 2568
(722) 2683
(723) 2565
(724) 2542
(725) 2532
(726) 2625
(727) 2632
(728) 2530
(729) 2585
(730) 2503
(731) 2524
(732) 2459
(733) 2466
(734) 2357
(735) 2359
(736) 2441
(737) 2431
(738) 2476
(739) 2321
(740) 2411
(741) 2377
(742) 2285
(743) 2287
(744) 2324
(745) 2323
(746) 2217
(747) 2256
(748) 2239
(749) 2401
(750) 2248
(751) 2253
(752) 2249
(753) 2289
(754) 2327
(755) 2183
(756) 2223
(757) 2107
(758) 2204
(759) 2147
(760) 2232
(761) 2129
(762) 2227
(763) 2187
(764) 2099
(765) 2122
(766) 2183
(767) 2007
(768) 2085
(769) 2082
(770) 2042
(771) 2084
(772) 2133
(773) 2090
(774) 2037
(775) 2076
(776) 2082
(777) 2024
(778) 2002
(779) 2078
(780) 1915
(781) 2103
(782) 1936
(783) 2002
(784) 1959
(785) 1971
(786) 1986
(787) 1932
(788) 1943
(789) 1942
(790) 1927
(791) 1981
(792) 1911
(793) 1954
(794) 1813
(795) 1856
(796) 1911
(797) 1944
(798) 1817
(799) 1788
(800) 1894
(801) 1892
(802) 1783
(803) 1786
(804) 1862
(805) 1806
(806) 1754
(807) 1839
(808) 1789
(809) 1835
(810) 1779
(811) 1873
(812) 1784
(813) 1821
(814) 1741
(815) 1773
(816) 1754
(817) 1757
(818) 1763
(819) 1724
(820) 1779
(821) 1792
(822) 1691
(823) 1745
(824) 1757
(825) 1718
(826) 1682
(827) 1746
(828) 1766
(829) 1669
(830) 1726
(831) 1642
(832) 1680
(833) 1683
(834) 1579
(835) 1622
(836) 1599
(837) 1632
(838) 1649
(839) 1650
(840) 1596
(841) 1582
(842) 1595
(843) 1661
(844) 1612
(845) 1618
(846) 1618
(847) 1569
(848) 1597
(849) 1608
(850) 1575
(851) 1564
(852) 1507
(853) 1576
(854) 1553
(855) 1525
(856) 1532
(857) 1535
(858) 1533
(859) 1541
(860) 1518
(861) 1488
(862) 1465
(863) 1497
(864) 1521
(865) 1431
(866) 1531
(867) 1496
(868) 1494
(869) 1474
(870) 1515
(871) 1444
(872) 1451
(873) 1494
(874) 1453
(875) 1430
(876) 1450
(877) 1413
(878) 1454
(879) 1475
(880) 1417
(881) 1422
(882) 1441
(883) 1466
(884) 1396
(885) 1377
(886) 1453
(887) 1416
(888) 1400
(889) 1418
(890) 1372
(891) 1311
(892) 1430
(893) 1367
(894) 1390
(895) 1353
(896) 1388
(897) 1284
(898) 1387
(899) 1394
(900) 1352
(901) 1372
(902) 1258
(903) 1347
(904) 1300
(905) 1335
(906) 1270
(907) 1397
(908) 1418
(909) 1342
(910) 1316
(911) 1295
(912) 1297
(913) 1295
(914) 1284
(915) 1333
(916) 1260
(917) 1312
(918) 1371
(919) 1367
(920) 1282
(921) 1293
(922) 1264
(923) 1299
(924) 1240
(925) 1232
(926) 1306
(927) 1242
(928) 1273
(929) 1240
(930) 1238
(931) 1247
(932) 1230
(933) 1220
(934) 1279
(935) 1159
(936) 1209
(937) 1234
(938) 1209
(939) 1183
(940) 1179
(941) 1131
(942) 1164
(943) 1200
(944) 1183
(945) 1221
(946) 1120
(947) 1217
(948) 1222
(949) 1175
(950) 1199
(951) 1152
(952) 1172
(953) 1176
(954) 1170
(955) 1129
(956) 1136
(957) 1103
(958) 1116
(959) 1144
(960) 1117
(961) 1113
(962) 1119
(963) 1148
(964) 1197
(965) 1093
(966) 1114
(967) 1130
(968) 1182
(969) 1181
(970) 1131
(971) 1133
(972) 1078
(973) 1134
(974) 1101
(975) 1065
(976) 1116
(977) 1121
(978) 1070
(979) 1025
(980) 1100
(981) 1064
(982) 1121
(983) 1082
(984) 1076
(985) 1121
(986) 1047
(987) 1113
(988) 1101
(989) 1110
(990) 1099
(991) 1072
(992) 1037
(993) 1037
(994) 1024
(995) 980
(996) 1048
(997) 1008
(998) 1022
(999) 960
(1000) 1024
(1001) 987
(1002) 1045
(1003) 995
(1004) 980
(1005) 1039
(1006) 1004
(1007) 996
(1008) 1008
(1009) 966
(1010) 966
(1011) 921
(1012) 997
(1013) 957
(1014) 984
(1015) 979
(1016) 979
(1017) 917
(1018) 943
(1019) 937
(1020) 946
(1021) 977
(1022) 923
(1023) 972
(1024) 974
(1025) 956
(1026) 974
(1027) 957
(1028) 946
(1029) 932
(1030) 924
(1031) 943
(1032) 979
(1033) 901
(1034) 907
(1035) 899
(1036) 941
(1037) 937
(1038) 886
(1039) 887
(1040) 930
(1041) 917
(1042) 899
(1043) 924
(1044) 925
(1045) 868
(1046) 931
(1047) 882
(1048) 891
(1049) 885
(1050) 878
(1051) 893
(1052) 810
(1053) 901
(1054) 864
(1055) 893
(1056) 901
(1057) 851
(1058) 880
(1059) 898
(1060) 824
(1061) 845
(1062) 839
(1063) 841
(1064) 845
(1065) 828
(1066) 822
(1067) 794
(1068) 877
(1069) 866
(1070) 838
(1071) 820
(1072) 809
(1073) 818
(1074) 836
(1075) 788
(1076) 845
(1077) 844
(1078) 798
(1079) 770
(1080) 820
(1081) 813
(1082) 775
(1083) 844
(1084) 768
(1085) 781
(1086) 753
(1087) 799
(1088) 780
(1089) 815
(1090) 793
(1091) 772
(1092) 734
(1093) 762
(1094) 767
(1095) 704
(1096) 764
(1097) 733
(1098) 733
(1099) 724
(1100) 702
(1101) 754
(1102) 803
(1103) 804
(1104) 756
(1105) 699
(1106) 753
(1107) 747
(1108) 730
(1109) 731
(1110) 726
(1111) 739
(1112) 750
(1113) 742
(1114) 713
(1115) 733
(1116) 716
(1117) 739
(1118) 715
(1119) 737
(1120) 687
(1121) 739
(1122) 683
(1123) 690
(1124) 703
(1125) 743
(1126) 672
(1127) 633
(1128) 715
(1129) 703
(1130) 694
(1131) 781
(1132) 737
(1133) 659
(1134) 650
(1135) 641
(1136) 737
(1137) 669
(1138) 669
(1139) 656
(1140) 665
(1141) 642
(1142) 660
(1143) 662
(1144) 658
(1145) 646
(1146) 658
(1147) 661
(1148) 580
(1149) 682
(1150) 619
(1151) 682
(1152) 610
(1153) 662
(1154) 650
(1155) 600
(1156) 666
(1157) 653
(1158) 628
(1159) 608
(1160) 643
(1161) 654
(1162) 659
(1163) 658
(1164) 626
(1165) 631
(1166) 581
(1167) 606
(1168) 647
(1169) 614
(1170) 643
(1171) 633
(1172) 636
(1173) 589
(1174) 640
(1175) 571
(1176) 626
(1177) 608
(1178) 633
(1179) 596
(1180) 569
(1181) 623
(1182) 556
(1183) 666
(1184) 576
(1185) 587
(1186) 592
(1187) 593
(1188) 556
(1189) 610
(1190) 567
(1191) 563
(1192) 587
(1193) 604
(1194) 578
(1195) 543
(1196) 581
(1197) 566
(1198) 597
(1199) 563
(1200) 536
(1201) 571
(1202) 600
(1203) 565
(1204) 553
(1205) 581
(1206) 539
(1207) 550
(1208) 516
(1209) 583
(1210) 574
(1211) 620
(1212) 577
(1213) 545
(1214) 566
(1215) 564
(1216) 526
(1217) 547
(1218) 529
(1219) 544
(1220) 527
(1221) 543
(1222) 520
(1223) 567
(1224) 570
(1225) 529
(1226) 502
(1227) 483
(1228) 530
(1229) 487
(1230) 478
(1231) 522
(1232) 505
(1233) 485
(1234) 511
(1235) 446
(1236) 564
(1237) 515
(1238) 512
(1239) 493
(1240) 539
(1241) 514
(1242) 482
(1243) 557
(1244) 478
(1245) 485
(1246) 467
(1247) 477
(1248) 503
(1249) 486
(1250) 493
(1251) 473
(1252) 463
(1253) 485
(1254) 490
(1255) 493
(1256) 492
(1257) 473
(1258) 464
(1259) 457
(1260) 466
(1261) 480
(1262) 432
(1263) 497
(1264) 426
(1265) 463
(1266) 482
(1267) 467
(1268) 476
(1269) 482
(1270) 453
(1271) 491
(1272) 441
(1273) 416
(1274) 450
(1275) 440
(1276) 507
(1277) 430
(1278) 442
(1279) 433
(1280) 426
(1281) 459
(1282) 443
(1283) 491
(1284) 472
(1285) 448
(1286) 433
(1287) 424
(1288) 453
(1289) 424
(1290) 437
(1291) 425
(1292) 449
(1293) 459
(1294) 407
(1295) 394
(1296) 442
(1297) 407
(1298) 428
(1299) 467
(1300) 431
(1301) 431
(1302) 456
(1303) 395
(1304) 406
(1305) 461
(1306) 392
(1307) 383
(1308) 407
(1309) 395
(1310) 405
(1311) 432
(1312) 408
(1313) 421
(1314) 428
(1315) 417
(1316) 369
(1317) 391
(1318) 414
(1319) 387
(1320) 379
(1321) 382
(1322) 438
(1323) 371
(1324) 466
(1325) 441
(1326) 371
(1327) 368
(1328) 395
(1329) 420
(1330) 414
(1331) 413
(1332) 402
(1333) 360
(1334) 401
(1335) 374
(1336) 423
(1337) 384
(1338) 387
(1339) 376
(1340) 384
(1341) 362
(1342) 366
(1343) 391
(1344) 389
(1345) 383
(1346) 386
(1347) 349
(1348) 381
(1349) 363
(1350) 330
(1351) 371
(1352) 358
(1353) 372
(1354) 366
(1355) 354
(1356) 342
(1357) 358
(1358) 325
(1359) 377
(1360) 351
(1361) 369
(1362) 333
(1363) 339
(1364) 339
(1365) 343
(1366) 366
(1367) 370
(1368) 313
(1369) 372
(1370) 352
(1371) 359
(1372) 361
(1373) 313
(1374) 346
(1375) 354
(1376) 376
(1377) 359
(1378) 342
(1379) 346
(1380) 350
(1381) 340
(1382) 348
(1383) 329
(1384) 359
(1385) 369
(1386) 350
(1387) 378
(1388) 328
(1389) 337
(1390) 351
(1391) 337
(1392) 343
(1393) 359
(1394) 345
(1395) 345
(1396) 316
(1397) 352
(1398) 317
(1399) 352
(1400) 311
(1401) 300
(1402) 368
(1403) 297
(1404) 346
(1405) 337
(1406) 327
(1407) 332
(1408) 324
(1409) 318
(1410) 356
(1411) 329
(1412) 317
(1413) 331
(1414) 345
(1415) 326
(1416) 270
(1417) 298
(1418) 338
(1419) 300
(1420) 313
(1421) 323
(1422) 283
(1423) 309
(1424) 338
(1425) 316
(1426) 317
(1427) 295
(1428) 319
(1429) 330
(1430) 307
(1431) 318
(1432) 320
(1433) 312
(1434) 324
(1435) 298
(1436) 275
(1437) 299
(1438) 286
(1439) 308
(1440) 306
(1441) 311
(1442) 291
(1443) 281
(1444) 316
(1445) 291
(1446) 316
(1447) 290
(1448) 303
(1449) 324
(1450) 331
(1451) 298
(1452) 314
(1453) 325
(1454) 347
(1455) 293
(1456) 313
(1457) 306
(1458) 335
(1459) 305
(1460) 310
(1461) 310
(1462) 282
(1463) 308
(1464) 296
(1465) 309
(1466) 306
(1467) 321
(1468) 305
(1469) 273
(1470) 251
(1471) 308
(1472) 286
(1473) 261
(1474) 345
(1475) 290
(1476) 300
(1477) 287
(1478) 309
(1479) 305
(1480) 292
(1481) 305
(1482) 297
(1483) 337
(1484) 272
(1485) 279
(1486) 257
(1487) 277
(1488) 277
(1489) 310
(1490) 296
(1491) 283
(1492) 321
(1493) 242
(1494) 276
(1495) 280
(1496) 282
(1497) 298
(1498) 283
(1499) 277
(1500) 317
(1501) 281
(1502) 293
(1503) 285
(1504) 250
(1505) 267
(1506) 281
(1507) 282
(1508) 294
(1509) 285
(1510) 315
(1511) 272
(1512) 289
(1513) 282
(1514) 290
(1515) 279
(1516) 304
(1517) 284
(1518) 265
(1519) 260
(1520) 290
(1521) 264
(1522) 285
(1523) 316
(1524) 288
(1525) 264
(1526) 286
(1527) 283
(1528) 306
(1529) 244
(1530) 270
(1531) 247
(1532) 267
(1533) 253
(1534) 284
(1535) 276
(1536) 293
(1537) 272
(1538) 279
(1539) 282
(1540) 269
(1541) 281
(1542) 296
(1543) 282
(1544) 284
(1545) 282
(1546) 246
(1547) 268
(1548) 294
(1549) 289
(1550) 281
(1551) 256
(1552) 266
(1553) 278
(1554) 263
(1555) 244
(1556) 283
(1557) 255
(1558) 263
(1559) 270
(1560) 298
(1561) 285
(1562) 281
(1563) 262
(1564) 268
(1565) 273
(1566) 286
(1567) 268
(1568) 268
(1569) 252
(1570) 280
(1571) 265
(1572) 248
(1573) 281
(1574) 275
(1575) 276
(1576) 276
(1577) 276
(1578) 260
(1579) 260
(1580) 275
(1581) 259
(1582) 260
(1583) 263
(1584) 272
(1585) 282
(1586) 303
(1587) 269
(1588) 269
(1589) 236
(1590) 287
(1591) 250
(1592) 296
(1593) 245
(1594) 266
(1595) 267
(1596) 285
(1597) 284
(1598) 284
(1599) 244
(1600) 298
(1601) 257
(1602) 258
(1603) 265
(1604) 271
(1605) 266
(1606) 241
(1607) 278
(1608) 239
(1609) 233
(1610) 266
(1611) 278
(1612) 257
(1613) 262
(1614) 300
(1615) 262
(1616) 309
(1617) 261
(1618) 254
(1619) 262
(1620) 290
(1621) 261
(1622) 276
(1623) 246
(1624) 268
(1625) 266
(1626) 277
(1627) 232
(1628) 261
(1629) 237
(1630) 268
(1631) 278
(1632) 266
(1633) 222
(1634) 292
(1635) 275
(1636) 250
(1637) 248
(1638) 260
(1639) 252
(1640) 246
(1641) 293
(1642) 280
(1643) 241
(1644) 251
(1645) 281
(1646) 262
(1647) 247
(1648) 274
(1649) 287
(1650) 265
(1651) 244
(1652) 262
(1653) 240
(1654) 292
(1655) 279
(1656) 242
(1657) 264
(1658) 247
(1659) 258
(1660) 277
(1661) 233
(1662) 268
(1663) 274
(1664) 264
(1665) 245
(1666) 268
(1667) 274
(1668) 260
(1669) 262
(1670) 297
(1671) 271
(1672) 267
(1673) 259
(1674) 256
(1675) 280
(1676) 274
(1677) 269
(1678) 269
(1679) 279
(1680) 272
(1681) 257
(1682) 241
(1683) 284
(1684) 253
(1685) 243
(1686) 287
(1687) 268
(1688) 296
(1689) 278
(1690) 252
(1691) 262
(1692) 273
(1693) 274
(1694) 270
(1695) 256
(1696) 254
(1697) 257
(1698) 264
(1699) 274
(1700) 270
(1701) 277
(1702) 264
(1703) 247
(1704) 254
(1705) 266
(1706) 275
(1707) 266
(1708) 258
(1709) 255
(1710) 274
(1711) 249
(1712) 266
(1713) 271
(1714) 281
(1715) 242
(1716) 289
(1717) 256
(1718) 263
(1719) 263
(1720) 278
(1721) 265
(1722) 253
(1723) 281
(1724) 245
(1725) 289
(1726) 274
(1727) 265
(1728) 256
(1729) 254
(1730) 260
(1731) 269
(1732) 258
(1733) 263
(1734) 267
(1735) 287
(1736) 262
(1737) 284
(1738) 266
(1739) 247
(1740) 243
(1741) 263
(1742) 306
(1743) 275
(1744) 258
(1745) 234
(1746) 274
(1747) 264
(1748) 272
(1749) 282
(1750) 262
(1751) 273
(1752) 268
(1753) 249
(1754) 264
(1755) 263
(1756) 263
(1757) 271
(1758) 279
(1759) 270
(1760) 268
(1761) 272
(1762) 282
(1763) 290
(1764) 266
(1765) 237
(1766) 284
(1767) 253
(1768) 271
(1769) 276
(1770) 264
(1771) 282
(1772) 281
(1773) 269
(1774) 267
(1775) 278
(1776) 267
(1777) 306
(1778) 229
(1779) 282
(1780) 270
(1781) 296
(1782) 226
(1783) 249
(1784) 258
(1785) 269
(1786) 280
(1787) 264
(1788) 296
(1789) 284
(1790) 291
(1791) 274
(1792) 260
(1793) 282
(1794) 261
(1795) 263
(1796) 267
(1797) 279
(1798) 254
(1799) 271
(1800) 280
(1801) 270
(1802) 267
(1803) 310
(1804) 284
(1805) 302
(1806) 254
(1807) 258
(1808) 247
(1809) 273
(1810) 260
(1811) 315
(1812) 284
(1813) 259
(1814) 272
(1815) 256
(1816) 274
(1817) 258
(1818) 298
(1819) 297
(1820) 259
(1821) 300
(1822) 243
(1823) 268
(1824) 275
(1825) 283
(1826) 275
(1827) 258
(1828) 295
(1829) 288
(1830) 261
(1831) 291
(1832) 242
(1833) 307
(1834) 270
(1835) 285
(1836) 317
(1837) 296
(1838) 285
(1839) 268
(1840) 297
(1841) 285
(1842) 299
(1843) 295
(1844) 282
(1845) 240
(1846) 264
(1847) 279
(1848) 279
(1849) 254
(1850) 275
(1851) 268
(1852) 275
(1853) 295
(1854) 262
(1855) 291
(1856) 287
(1857) 288
(1858) 295
(1859) 279
(1860) 288
(1861) 309
(1862) 264
(1863) 263
(1864) 259
(1865) 292
(1866) 271
(1867) 284
(1868) 284
(1869) 273
(1870) 261
(1871) 292
(1872) 281
(1873) 280
(1874) 319
(1875) 286
(1876) 273
(1877) 281
(1878) 283
(1879) 300
(1880) 288
(1881) 272
(1882) 292
(1883) 282
(1884) 264
(1885) 258
(1886) 259
(1887) 292
(1888) 272
(1889) 288
(1890) 321
(1891) 261
(1892) 274
(1893) 298
(1894) 304
(1895) 267
(1896) 291
(1897) 290
(1898) 307
(1899) 312
(1900) 326
(1901) 262
(1902) 291
(1903) 291
(1904) 283
(1905) 310
(1906) 315
(1907) 282
(1908) 295
(1909) 291
(1910) 279
(1911) 298
(1912) 283
(1913) 276
(1914) 284
(1915) 299
(1916) 285
(1917) 292
(1918) 262
(1919) 291
(1920) 317
(1921) 252
(1922) 295
(1923) 296
(1924) 317
(1925) 313
(1926) 294
(1927) 285
(1928) 299
(1929) 288
(1930) 285
(1931) 290
(1932) 271
(1933) 301
(1934) 304
(1935) 268
(1936) 300
(1937) 285
(1938) 307
(1939) 303
(1940) 270
(1941) 260
(1942) 265
(1943) 288
(1944) 280
(1945) 314
(1946) 290
(1947) 328
(1948) 301
(1949) 352
(1950) 276
(1951) 308
(1952) 322
(1953) 309
(1954) 299
(1955) 297
(1956) 310
(1957) 284
(1958) 324
(1959) 324
(1960) 293
(1961) 254
(1962) 284
(1963) 296
(1964) 307
(1965) 290
(1966) 290
(1967) 320
(1968) 279
(1969) 327
(1970) 299
(1971) 346
(1972) 332
(1973) 273
(1974) 355
(1975) 313
(1976) 309
(1977) 298
(1978) 333
(1979) 308
(1980) 302
(1981) 294
(1982) 294
(1983) 301
(1984) 315
(1985) 264
(1986) 295
(1987) 307
(1988) 308
(1989) 282
(1990) 327
(1991) 319
(1992) 313
(1993) 303
(1994) 298
(1995) 310
(1996) 259
(1997) 282
(1998) 325
(1999) 337
(2000) 314
(2001) 315
(2002) 350
(2003) 301
(2004) 312
(2005) 328
(2006) 263
(2007) 305
(2008) 287
(2009) 296
(2010) 290
(2011) 323
(2012) 340
(2013) 336
(2014) 291
(2015) 300
(2016) 326
(2017) 302
(2018) 340
(2019) 338
(2020) 321
(2021) 313
(2022) 298
(2023) 317
(2024) 289
(2025) 321
(2026) 323
(2027) 284
(2028) 301
(2029) 297
(2030) 301
(2031) 305
(2032) 300
(2033) 338
(2034) 327
(2035) 325
(2036) 301
(2037) 319
(2038) 319
(2039) 293
(2040) 319
(2041) 292
(2042) 278
(2043) 293
(2044) 326
(2045) 324
(2046) 316
(2047) 312
(2048) 305
(2049) 328
(2050) 309
(2051) 299
(2052) 343
(2053) 326
(2054) 338
(2055) 308
(2056) 319
(2057) 313
(2058) 335
(2059) 308
(2060) 320
(2061) 295
(2062) 329
(2063) 319
(2064) 312
(2065) 313
(2066) 331
(2067) 327
(2068) 350
(2069) 349
(2070) 320
(2071) 310
(2072) 330
(2073) 336
(2074) 302
(2075) 330
(2076) 352
(2077) 317
(2078) 308
(2079) 307
(2080) 291
(2081) 283
(2082) 323
(2083) 357
(2084) 319
(2085) 321
(2086) 308
(2087) 323
(2088) 317
(2089) 317
(2090) 327
(2091) 315
(2092) 347
(2093) 328
(2094) 313
(2095) 378
(2096) 328
(2097) 363
(2098) 300
(2099) 307
(2100) 309
(2101) 334
(2102) 327
(2103) 323
(2104) 325
(2105) 355
(2106) 322
(2107) 315
(2108) 338
(2109) 303
(2110) 341
(2111) 321
(2112) 339
(2113) 314
(2114) 327
(2115) 299
(2116) 303
(2117) 358
(2118) 333
(2119) 325
(2120) 336
(2121) 338
(2122) 318
(2123) 328
(2124) 323
(2125) 325
(2126) 322
(2127) 329
(2128) 323
(2129) 314
(2130) 315
(2131) 354
(2132) 325
(2133) 338
(2134) 350
(2135) 275
(2136) 351
(2137) 346
(2138) 312
(2139) 334
(2140) 298
(2141) 343
(2142) 359
(2143) 296
(2144) 328
(2145) 324
(2146) 346
(2147) 325
(2148) 351
(2149) 347
(2150) 312
(2151) 309
(2152) 364
(2153) 315
(2154) 313
(2155) 348
(2156) 315
(2157) 313
(2158) 309
(2159) 326
(2160) 330
(2161) 322
(2162) 323
(2163) 300
(2164) 341
(2165) 309
(2166) 308
(2167) 329
(2168) 365
(2169) 323
(2170) 334
(2171) 355
(2172) 326
(2173) 328
(2174) 347
(2175) 354
(2176) 321
(2177) 367
(2178) 317
(2179) 333
(2180) 312
(2181) 315
(2182) 321
(2183) 358
(2184) 341
(2185) 316
(2186) 352
(2187) 353
(2188) 342
(2189) 317
(2190) 318
(2191) 342
(2192) 307
(2193) 353
(2194) 307
(2195) 348
(2196) 331
(2197) 333
(2198) 331
(2199) 315
(2200) 357
(2201) 332
(2202) 342
(2203) 344
(2204) 325
(2205) 315
(2206) 364
(2207) 339
(2208) 332
(2209) 358
(2210) 342
(2211) 341
(2212) 368
(2213) 341
(2214) 359
(2215) 382
(2216) 350
(2217) 325
(2218) 374
(2219) 339
(2220) 331
(2221) 332
(2222) 321
(2223) 349
(2224) 327
(2225) 334
(2226) 334
(2227) 337
(2228) 321
(2229) 320
(2230) 364
(2231) 339
(2232) 331
(2233) 330
(2234) 351
(2235) 347
(2236) 336
(2237) 313
(2238) 328
(2239) 335
(2240) 329
(2241) 335
(2242) 336
(2243) 341
(2244) 323
(2245) 322
(2246) 328
(2247) 336
(2248) 349
(2249) 386
(2250) 328
(2251) 320
(2252) 356
(2253) 345
(2254) 334
(2255) 358
(2256) 327
(2257) 321
(2258) 320
(2259) 377
(2260) 342
(2261) 335
(2262) 354
(2263) 319
(2264) 330
(2265) 338
(2266) 345
(2267) 358
(2268) 340
(2269) 354
(2270) 350
(2271) 322
(2272) 333
(2273) 375
(2274) 337
(2275) 334
(2276) 340
(2277) 315
(2278) 333
(2279) 340
(2280) 327
(2281) 338
(2282) 306
(2283) 341
(2284) 334
(2285) 326
(2286) 340
(2287) 324
(2288) 303
(2289) 362
(2290) 324
(2291) 348
(2292) 366
(2293) 313
(2294) 332
(2295) 310
(2296) 348
(2297) 349
(2298) 316
(2299) 348
(2300) 330
(2301) 329
(2302) 339
(2303) 363
(2304) 344
(2305) 349
(2306) 343
(2307) 336
(2308) 327
(2309) 339
(2310) 341
(2311) 361
(2312) 337
(2313) 317
(2314) 305
(2315) 351
(2316) 340
(2317) 370
(2318) 377
(2319) 343
(2320) 363
(2321) 337
(2322) 357
(2323) 325
(2324) 345
(2325) 338
(2326) 354
(2327) 322
(2328) 343
(2329) 340
(2330) 328
(2331) 345
(2332) 323
(2333) 330
(2334) 361
(2335) 349
(2336) 357
(2337) 339
(2338) 351
(2339) 331
(2340) 301
(2341) 366
(2342) 357
(2343) 334
(2344) 349
(2345) 339
(2346) 355
(2347) 368
(2348) 343
(2349) 341
(2350) 336
(2351) 351
(2352) 361
(2353) 349
(2354) 323
(2355) 364
(2356) 344
(2357) 375
(2358) 331
(2359) 334
(2360) 357
(2361) 333
(2362) 307
(2363) 371
(2364) 321
(2365) 370
(2366) 322
(2367) 328
(2368) 325
(2369) 323
(2370) 346
(2371) 328
(2372) 303
(2373) 328
(2374) 327
(2375) 354
(2376) 393
(2377) 330
(2378) 360
(2379) 319
(2380) 319
(2381) 376
(2382) 325
(2383) 342
(2384) 327
(2385) 356
(2386) 331
(2387) 341
(2388) 371
(2389) 345
(2390) 342
(2391) 355
(2392) 328
(2393) 344
(2394) 339
(2395) 325
(2396) 358
(2397) 304
(2398) 338
(2399) 361
(2400) 317
(2401) 378
(2402) 348
(2403) 370
(2404) 330
(2405) 338
(2406) 350
(2407) 355
(2408) 331
(2409) 364
(2410) 343
(2411) 331
(2412) 342
(2413) 350
(2414) 368
(2415) 357
(2416) 351
(2417) 335
(2418) 358
(2419) 344
(2420) 334
(2421) 343
(2422) 358
(2423) 332
(2424) 373
(2425) 357
(2426) 374
(2427) 368
(2428) 349
(2429) 383
(2430) 349
(2431) 311
(2432) 351
(2433) 322
(2434) 335
(2435) 331
(2436) 413
(2437) 357
(2438) 317
(2439) 327
(2440) 363
(2441) 340
(2442) 302
(2443) 326
(2444) 337
(2445) 330
(2446) 339
(2447) 328
(2448) 386
(2449) 339
(2450) 364
(2451) 336
(2452) 361
(2453) 336
(2454) 329
(2455) 344
(2456) 336
(2457) 391
(2458) 347
(2459) 367
(2460) 321
(2461) 334
(2462) 355
(2463) 362
(2464) 376
(2465) 322
(2466) 268
(2467) 356
(2468) 383
(2469) 350
(2470) 342
(2471) 349
(2472) 394
(2473) 374
(2474) 338
(2475) 343
(2476) 337
(2477) 348
(2478) 353
(2479) 348
(2480) 358
(2481) 342
(2482) 341
(2483) 335
(2484) 353
(2485) 334
(2486) 325
(2487) 344
(2488) 341
(2489) 314
(2490) 325
(2491) 356
(2492) 329
(2493) 325
(2494) 335
(2495) 350
(2496) 313
(2497) 334
(2498) 355
(2499) 362
(2500) 335
(2501) 340
(2502) 339
(2503) 314
(2504) 335
(2505) 320
(2506) 323
(2507) 340
(2508) 364
(2509) 353
(2510) 313
(2511) 344
(2512) 323
(2513) 307
(2514) 335
(2515) 347
(2516) 334
(2517) 366
(2518) 340
(2519) 332
(2520) 377
(2521) 314
(2522) 348
(2523) 329
(2524) 360
(2525) 339
(2526) 359
(2527) 335
(2528) 288
(2529) 355
(2530) 368
(2531) 336
(2532) 338
(2533) 297
(2534) 328
(2535) 340
(2536) 315
(2537) 321
(2538) 353
(2539) 331
(2540) 320
(2541) 334
(2542) 318
(2543) 334
(2544) 302
(2545) 345
(2546) 330
(2547) 314
(2548) 328
(2549) 347
(2550) 329
(2551) 333
(2552) 335
(2553) 353
(2554) 359
(2555) 372
(2556) 364
(2557) 334
(2558) 338
(2559) 319
(2560) 313
(2561) 334
(2562) 323
(2563) 328
(2564) 324
(2565) 333
(2566) 355
(2567) 341
(2568) 337
(2569) 337
(2570) 349
(2571) 323
(2572) 354
(2573) 308
(2574) 333
(2575) 302
(2576) 343
(2577) 346
(2578) 330
(2579) 329
(2580) 337
(2581) 315
(2582) 295
(2583) 341
(2584) 358
(2585) 332
(2586) 324
(2587) 327
(2588) 286
(2589) 336
(2590) 301
(2591) 354
(2592) 322
(2593) 312
(2594) 346
(2595) 340
(2596) 343
(2597) 343
(2598) 349
(2599) 343
(2600) 304
(2601) 340
(2602) 334
(2603) 322
(2604) 329
(2605) 334
(2606) 345
(2607) 329
(2608) 343
(2609) 387
(2610) 349
(2611) 339
(2612) 348
(2613) 353
(2614) 348
(2615) 329
(2616) 317
(2617) 329
(2618) 322
(2619) 350
(2620) 328
(2621) 370
(2622) 354
(2623) 329
(2624) 339
(2625) 328
(2626) 343
(2627) 322
(2628) 328
(2629) 310
(2630) 296
(2631) 352
(2632) 308
(2633) 341
(2634) 316
(2635) 347
(2636) 365
(2637) 357
(2638) 353
(2639) 329
(2640) 331
(2641) 346
(2642) 312
(2643) 320
(2644) 325
(2645) 315
(2646) 282
(2647) 335
(2648) 323
(2649) 289
(2650) 319
(2651) 316
(2652) 350
(2653) 351
(2654) 334
(2655) 343
(2656) 320
(2657) 327
(2658) 343
(2659) 306
(2660) 344
(2661) 333
(2662) 330
(2663) 331
(2664) 340
(2665) 324
(2666) 370
(2667) 336
(2668) 321
(2669) 305
(2670) 314
(2671) 314
(2672) 335
(2673) 321
(2674) 288
(2675) 327
(2676) 336
(2677) 313
(2678) 330
(2679) 328
(2680) 327
(2681) 347
(2682) 293
(2683) 318
(2684) 329
(2685) 323
(2686) 327
(2687) 364
(2688) 317
(2689) 332
(2690) 327
(2691) 341
(2692) 349
(2693) 326
(2694) 340
(2695) 307
(2696) 318
(2697) 303
(2698) 322
(2699) 308
(2700) 339
(2701) 323
(2702) 335
(2703) 318
(2704) 330
(2705) 310
(2706) 294
(2707) 338
(2708) 326
(2709) 331
(2710) 325
(2711) 308
(2712) 336
(2713) 317
(2714) 335
(2715) 322
(2716) 318
(2717) 312
(2718) 312
(2719) 298
(2720) 307
(2721) 300
(2722) 340
(2723) 327
(2724) 332
(2725) 294
(2726) 306
(2727) 322
(2728) 321
(2729) 323
(2730) 295
(2731) 309
(2732) 302
(2733) 328
(2734) 290
(2735) 311
(2736) 284
(2737) 304
(2738) 308
(2739) 308
(2740) 316
(2741) 354
(2742) 310
(2743) 338
(2744) 321
(2745) 304
(2746) 334
(2747) 325
(2748) 316
(2749) 325
(2750) 303
(2751) 305
(2752) 303
(2753) 305
(2754) 323
(2755) 317
(2756) 331
(2757) 285
(2758) 310
(2759) 336
(2760) 321
(2761) 335
(2762) 300
(2763) 311
(2764) 320
(2765) 340
(2766) 336
(2767) 317
(2768) 327
(2769) 300
(2770) 333
(2771) 292
(2772) 306
(2773) 348
(2774) 297
(2775) 278
(2776) 295
(2777) 299
(2778) 325
(2779) 308
(2780) 321
(2781) 322
(2782) 309
(2783) 313
(2784) 331
(2785) 315
(2786) 295
(2787) 300
(2788) 290
(2789) 351
(2790) 321
(2791) 314
(2792) 315
(2793) 323
(2794) 316
(2795) 343
(2796) 308
(2797) 317
(2798) 312
(2799) 318
(2800) 290
(2801) 324
(2802) 345
(2803) 293
(2804) 295
(2805) 308
(2806) 296
(2807) 316
(2808) 334
(2809) 330
(2810) 300
(2811) 303
(2812) 313
(2813) 282
(2814) 293
(2815) 347
(2816) 300
(2817) 326
(2818) 326
(2819) 313
(2820) 304
(2821) 319
(2822) 299
(2823) 303
(2824) 334
(2825) 315
(2826) 303
(2827) 280
(2828) 288
(2829) 311
(2830) 307
(2831) 282
(2832) 306
(2833) 310
(2834) 294
(2835) 311
(2836) 312
(2837) 323
(2838) 333
(2839) 284
(2840) 294
(2841) 267
(2842) 298
(2843) 323
(2844) 318
(2845) 290
(2846) 302
(2847) 297
(2848) 297
(2849) 296
(2850) 299
(2851) 318
(2852) 297
(2853) 309
(2854) 303
(2855) 317
(2856) 285
(2857) 269
(2858) 320
(2859) 307
(2860) 280
(2861) 306
(2862) 301
(2863) 315
(2864) 332
(2865) 289
(2866) 280
(2867) 318
(2868) 298
(2869) 305
(2870) 297
(2871) 283
(2872) 304
(2873) 302
(2874) 319
(2875) 317
(2876) 294
(2877) 295
(2878) 279
(2879) 290
(2880) 275
(2881) 289
(2882) 308
(2883) 317
(2884) 298
(2885) 288
(2886) 307
(2887) 283
(2888) 303
(2889) 291
(2890) 306
(2891) 252
(2892) 328
(2893) 260
(2894) 299
(2895) 284
(2896) 275
(2897) 290
(2898) 287
(2899) 266
(2900) 248
(2901) 298
(2902) 310
(2903) 307
(2904) 297
(2905) 288
(2906) 310
(2907) 291
(2908) 287
(2909) 334
(2910) 293
(2911) 275
(2912) 314
(2913) 298
(2914) 285
(2915) 280
(2916) 270
(2917) 281
(2918) 302
(2919) 294
(2920) 294
(2921) 307
(2922) 301
(2923) 301
(2924) 351
(2925) 289
(2926) 299
(2927) 308
(2928) 307
(2929) 291
(2930) 272
(2931) 319
(2932) 312
(2933) 268
(2934) 313
(2935) 273
(2936) 298
(2937) 280
(2938) 285
(2939) 280
(2940) 268
(2941) 279
(2942) 273
(2943) 344
(2944) 276
(2945) 281
(2946) 277
(2947) 311
(2948) 266
(2949) 291
(2950) 293
(2951) 277
(2952) 307
(2953) 283
(2954) 274
(2955) 296
(2956) 276
(2957) 320
(2958) 280
(2959) 289
(2960) 319
(2961) 250
(2962) 295
(2963) 309
(2964) 271
(2965) 292
(2966) 271
(2967) 301
(2968) 264
(2969) 313
(2970) 292
(2971) 311
(2972) 324
(2973) 276
(2974) 287
(2975) 280
(2976) 296
(2977) 304
(2978) 264
(2979) 290
(2980) 293
(2981) 308
(2982) 300
(2983) 275
(2984) 277
(2985) 276
(2986) 285
(2987) 314
(2988) 281
(2989) 280
(2990) 298
(2991) 292
(2992) 295
(2993) 286
(2994) 288
(2995) 291
(2996) 274
(2997) 281
(2998) 289
(2999) 300
(3000) 257
(3001) 313
(3002) 290
(3003) 270
(3004) 272
(3005) 284
(3006) 293
(3007) 289
(3008) 262
(3009) 258
(3010) 225
(3011) 289
(3012) 251
(3013) 305
(3014) 273
(3015) 310
(3016) 281
(3017) 274
(3018) 285
(3019) 248
(3020) 283
(3021) 250
(3022) 284
(3023) 273
(3024) 249
(3025) 293
(3026) 279
(3027) 279
(3028) 297
(3029) 306
(3030) 286
(3031) 253
(3032) 275
(3033) 281
(3034) 288
(3035) 295
(3036) 266
(3037) 321
(3038) 300
(3039) 315
(3040) 275
(3041) 290
(3042) 262
(3043) 299
(3044) 271
(3045) 269
(3046) 264
(3047) 312
(3048) 286
(3049) 280
(3050) 264
(3051) 276
(3052) 297
(3053) 280
(3054) 281
(3055) 278
(3056) 266
(3057) 273
(3058) 276
(3059) 266
(3060) 266
(3061) 258
(3062) 277
(3063) 302
(3064) 277
(3065) 260
(3066) 269
(3067) 282
(3068) 280
(3069) 276
(3070) 293
(3071) 318
(3072) 255
(3073) 272
(3074) 286
(3075) 269
(3076) 256
(3077) 250
(3078) 257
(3079) 270
(3080) 262
(3081) 266
(3082) 290
(3083) 288
(3084) 286
(3085) 275
(3086) 277
(3087) 293
(3088) 260
(3089) 261
(3090) 247
(3091) 264
(3092) 265
(3093) 259
(3094) 277
(3095) 254
(3096) 295
(3097) 313
(3098) 252
(3099) 252
(3100) 254
(3101) 281
(3102) 244
(3103) 286
(3104) 279
(3105) 235
(3106) 258
(3107) 240
(3108) 281
(3109) 267
(3110) 251
(3111) 253
(3112) 273
(3113) 250
(3114) 261
(3115) 270
(3116) 252
(3117) 261
(3118) 244
(3119) 271
(3120) 279
(3121) 274
(3122) 260
(3123) 283
(3124) 251
(3125) 272
(3126) 256
(3127) 240
(3128) 248
(3129) 256
(3130) 266
(3131) 244
(3132) 265
(3133) 282
(3134) 254
(3135) 254
(3136) 283
(3137) 258
(3138) 246
(3139) 243
(3140) 236
(3141) 244
(3142) 266
(3143) 261
(3144) 295
(3145) 270
(3146) 247
(3147) 265
(3148) 244
(3149) 288
(3150) 240
(3151) 248
(3152) 258
(3153) 256
(3154) 266
(3155) 256
(3156) 258
(3157) 257
(3158) 264
(3159) 263
(3160) 254
(3161) 254
(3162) 247
(3163) 254
(3164) 263
(3165) 280
(3166) 298
(3167) 261
(3168) 263
(3169) 273
(3170) 240
(3171) 254
(3172) 264
(3173) 261
(3174) 289
(3175) 301
(3176) 264
(3177) 261
(3178) 248
(3179) 259
(3180) 272
(3181) 245
(3182) 254
(3183) 256
(3184) 282
(3185) 251
(3186) 250
(3187) 247
(3188) 272
(3189) 270
(3190) 264
(3191) 281
(3192) 237
(3193) 278
(3194) 257
(3195) 244
(3196) 275
(3197) 259
(3198) 251
(3199) 260
(3200) 256
(3201) 281
(3202) 223
(3203) 242
(3204) 263
(3205) 255
(3206) 237
(3207) 249
(3208) 285
(3209) 239
(3210) 270
(3211) 252
(3212) 263
(3213) 271
(3214) 270
(3215) 243
(3216) 233
(3217) 256
(3218) 240
(3219) 239
(3220) 268
(3221) 250
(3222) 255
(3223) 259
(3224) 253
(3225) 248
(3226) 246
(3227) 252
(3228) 257
(3229) 268
(3230) 237
(3231) 229
(3232) 239
(3233) 231
(3234) 230
(3235) 264
(3236) 267
(3237) 257
(3238) 238
(3239) 252
(3240) 256
(3241) 251
(3242) 225
(3243) 230
(3244) 249
(3245) 250
(3246) 278
(3247) 225
(3248) 264
(3249) 272
(3250) 254
(3251) 236
(3252) 246
(3253) 259
(3254) 229
(3255) 237
(3256) 240
(3257) 252
(3258) 247
(3259) 254
(3260) 240
(3261) 223
(3262) 231
(3263) 215
(3264) 230
(3265) 245
(3266) 258
(3267) 237
(3268) 253
(3269) 235
(3270) 268
(3271) 272
(3272) 247
(3273) 263
(3274) 221
(3275) 257
(3276) 254
(3277) 225
(3278) 228
(3279) 227
(3280) 238
(3281) 256
(3282) 233
(3283) 238
(3284) 224
(3285) 263
(3286) 266
(3287) 227
(3288) 226
(3289) 233
(3290) 219
(3291) 264
(3292) 244
(3293) 244
(3294) 228
(3295) 243
(3296) 224
(3297) 253
(3298) 226
(3299) 247
(3300) 226
(3301) 239
(3302) 239
(3303) 240
(3304) 229
(3305) 229
(3306) 211
(3307) 233
(3308) 238
(3309) 247
(3310) 228
(3311) 241
(3312) 221
(3313) 243
(3314) 223
(3315) 249
(3316) 226
(3317) 267
(3318) 226
(3319) 204
(3320) 252
(3321) 260
(3322) 221
(3323) 230
(3324) 229
(3325) 246
(3326) 246
(3327) 226
(3328) 226
(3329) 261
(3330) 220
(3331) 233
(3332) 246
(3333) 217
(3334) 235
(3335) 237
(3336) 225
(3337) 225
(3338) 254
(3339) 261
(3340) 253
(3341) 250
(3342) 234
(3343) 247
(3344) 228
(3345) 256
(3346) 234
(3347) 225
(3348) 207
(3349) 234
(3350) 241
(3351) 231
(3352) 249
(3353) 246
(3354) 240
(3355) 244
(3356) 224
(3357) 243
(3358) 233
(3359) 216
(3360) 249
(3361) 251
(3362) 226
(3363) 229
(3364) 235
(3365) 221
(3366) 256
(3367) 218
(3368) 242
(3369) 251
(3370) 229
(3371) 222
(3372) 227
(3373) 225
(3374) 236
(3375) 241
(3376) 248
(3377) 246
(3378) 218
(3379) 212
(3380) 244
(3381) 206
(3382) 254
(3383) 244
(3384) 217
(3385) 247
(3386) 202
(3387) 205
(3388) 222
(3389) 203
(3390) 225
(3391) 236
(3392) 235
(3393) 230
(3394) 222
(3395) 245
(3396) 233
(3397) 225
(3398) 243
(3399) 223
(3400) 227
(3401) 225
(3402) 195
(3403) 192
(3404) 210
(3405) 218
(3406) 238
(3407) 237
(3408) 246
(3409) 235
(3410) 228
(3411) 208
(3412) 214
(3413) 219
(3414) 220
(3415) 230
(3416) 205
(3417) 207
(3418) 198
(3419) 237
(3420) 234
(3421) 229
(3422) 233
(3423) 248
(3424) 195
(3425) 220
(3426) 224
(3427) 245
(3428) 223
(3429) 197
(3430) 236
(3431) 201
(3432) 205
(3433) 233
(3434) 215
(3435) 208
(3436) 216
(3437) 199
(3438) 228
(3439) 225
(3440) 248
(3441) 230
(3442) 189
(3443) 218
(3444) 245
(3445) 204
(3446) 226
(3447) 248
(3448) 240
(3449) 206
(3450) 200
(3451) 242
(3452) 213
(3453) 216
(3454) 198
(3455) 204
(3456) 212
(3457) 206
(3458) 228
(3459) 200
(3460) 221
(3461) 206
(3462) 217
(3463) 200
(3464) 204
(3465) 204
(3466) 241
(3467) 220
(3468) 228
(3469) 225
(3470) 186
(3471) 190
(3472) 239
(3473) 220
(3474) 202
(3475) 215
(3476) 215
(3477) 225
(3478) 226
(3479) 220
(3480) 210
(3481) 194
(3482) 205
(3483) 219
(3484) 225
(3485) 211
(3486) 226
(3487) 215
(3488) 212
(3489) 215
(3490) 190
(3491) 220
(3492) 205
(3493) 208
(3494) 222
(3495) 204
(3496) 214
(3497) 215
(3498) 224
(3499) 211
(3500) 201
(3501) 211
(3502) 239
(3503) 196
(3504) 201
(3505) 215
(3506) 221
(3507) 189
(3508) 194
(3509) 195
(3510) 212
(3511) 228
(3512) 210
(3513) 211
(3514) 200
(3515) 207
(3516) 214
(3517) 210
(3518) 226
(3519) 226
(3520) 213
(3521) 207
(3522) 217
(3523) 220
(3524) 205
(3525) 218
(3526) 217
(3527) 202
(3528) 223
(3529) 230
(3530) 209
(3531) 188
(3532) 206
(3533) 211
(3534) 177
(3535) 223
(3536) 225
(3537) 214
(3538) 225
(3539) 211
(3540) 231
(3541) 192
(3542) 236
(3543) 213
(3544) 204
(3545) 215
(3546) 203
(3547) 193
(3548) 203
(3549) 215
(3550) 196
(3551) 218
(3552) 206
(3553) 185
(3554) 200
(3555) 176
(3556) 187
(3557) 198
(3558) 209
(3559) 181
(3560) 197
(3561) 230
(3562) 199
(3563) 216
(3564) 195
(3565) 215
(3566) 197
(3567) 191
(3568) 187
(3569) 198
(3570) 235
(3571) 225
(3572) 211
(3573) 226
(3574) 190
(3575) 225
(3576) 191
(3577) 206
(3578) 202
(3579) 218
(3580) 209
(3581) 206
(3582) 205
(3583) 186
(3584) 205
(3585) 195
(3586) 235
(3587) 192
(3588) 184
(3589) 234
(3590) 200
(3591) 204
(3592) 198
(3593) 181
(3594) 214
(3595) 185
(3596) 222
(3597) 217
(3598) 205
(3599) 227
(3600) 180
(3601) 187
(3602) 163
(3603) 178
(3604) 207
(3605) 201
(3606) 193
(3607) 201
(3608) 176
(3609) 210
(3610) 217
(3611) 191
(3612) 195
(3613) 198
(3614) 188
(3615) 210
(3616) 181
(3617) 188
(3618) 190
(3619) 204
(3620) 184
(3621) 202
(3622) 207
(3623) 186
(3624) 207
(3625) 193
(3626) 185
(3627) 203
(3628) 197
(3629) 195
(3630) 191
(3631) 170
(3632) 185
(3633) 194
(3634) 212
(3635) 186
(3636) 206
(3637) 212
(3638) 197
(3639) 182
(3640) 188
(3641) 209
(3642) 168
(3643) 186
(3644) 221
(3645) 174
(3646) 184
(3647) 201
(3648) 191
(3649) 204
(3650) 184
(3651) 188
(3652) 223
(3653) 206
(3654) 193
(3655) 191
(3656) 188
(3657) 196
(3658) 217
(3659) 198
(3660) 205
(3661) 203
(3662) 195
(3663) 186
(3664) 189
(3665) 187
(3666) 216
(3667) 211
(3668) 183
(3669) 195
(3670) 204
(3671) 194
(3672) 202
(3673) 170
(3674) 181
(3675) 175
(3676) 203
(3677) 202
(3678) 203
(3679) 163
(3680) 214
(3681) 188
(3682) 155
(3683) 192
(3684) 200
(3685) 200
(3686) 195
(3687) 203
(3688) 174
(3689) 161
(3690) 200
(3691) 197
(3692) 205
(3693) 186
(3694) 167
(3695) 190
(3696) 224
(3697) 192
(3698) 188
(3699) 206
(3700) 166
(3701) 197
(3702) 168
(3703) 171
(3704) 180
(3705) 187
(3706) 201
(3707) 171
(3708) 193
(3709) 181
(3710) 181
(3711) 209
(3712) 176
(3713) 179
(3714) 178
(3715) 194
(3716) 205
(3717) 187
(3718) 191
(3719) 182
(3720) 163
(3721) 185
(3722) 179
(3723) 198
(3724) 202
(3725) 185
(3726) 173
(3727) 207
(3728) 173
(3729) 170
(3730) 191
(3731) 183
(3732) 184
(3733) 182
(3734) 157
(3735) 190
(3736) 200
(3737) 168
(3738) 156
(3739) 198
(3740) 202
(3741) 205
(3742) 179
(3743) 145
(3744) 168
(3745) 165
(3746) 203
(3747) 187
(3748) 185
(3749) 182
(3750) 160
(3751) 182
(3752) 166
(3753) 189
(3754) 187
(3755) 196
(3756) 166
(3757) 183
(3758) 168
(3759) 183
(3760) 196
(3761) 179
(3762) 163
(3763) 184
(3764) 206
(3765) 173
(3766) 167
(3767) 187
(3768) 190
(3769) 170
(3770) 167
(3771) 183
(3772) 187
(3773) 193
(3774) 158
(3775) 195
(3776) 170
(3777) 184
(3778) 187
(3779) 180
(3780) 158
(3781) 166
(3782) 179
(3783) 177
(3784) 185
(3785) 189
(3786) 164
(3787) 183
(3788) 163
(3789) 191
(3790) 160
(3791) 178
(3792) 171
(3793) 180
(3794) 158
(3795) 187
(3796) 171
(3797) 172
(3798) 193
(3799) 179
(3800) 178
(3801) 170
(3802) 177
(3803) 191
(3804) 173
(3805) 155
(3806) 185
(3807) 186
(3808) 166
(3809) 206
(3810) 162
(3811) 177
(3812) 184
(3813) 175
(3814) 174
(3815) 173
(3816) 178
(3817) 157
(3818) 154
(3819) 166
(3820) 184
(3821) 162
(3822) 202
(3823) 183
(3824) 167
(3825) 170
(3826) 188
(3827) 169
(3828) 160
(3829) 173
(3830) 183
(3831) 192
(3832) 164
(3833) 186
(3834) 155
(3835) 159
(3836) 184
(3837) 187
(3838) 190
(3839) 171
(3840) 177
(3841) 188
(3842) 179
(3843) 156
(3844) 181
(3845) 174
(3846) 159
(3847) 174
(3848) 174
(3849) 157
(3850) 159
(3851) 173
(3852) 170
(3853) 189
(3854) 169
(3855) 165
(3856) 191
(3857) 165
(3858) 142
(3859) 169
(3860) 181
(3861) 157
(3862) 141
(3863) 164
(3864) 162
(3865) 159
(3866) 150
(3867) 154
(3868) 152
(3869) 147
(3870) 159
(3871) 149
(3872) 157
(3873) 165
(3874) 162
(3875) 168
(3876) 144
(3877) 134
(3878) 160
(3879) 149
(3880) 155
(3881) 169
(3882) 126
(3883) 156
(3884) 139
(3885) 153
(3886) 139
(3887) 127
(3888) 154
(3889) 142
(3890) 158
(3891) 142
(3892) 150
(3893) 148
(3894) 126
(3895) 113
(3896) 128
(3897) 167
(3898) 119
(3899) 149
(3900) 138
(3901) 119
(3902) 129
(3903) 123
(3904) 136
(3905) 136
(3906) 147
(3907) 154
(3908) 125
(3909) 151
(3910) 144
(3911) 118
(3912) 122
(3913) 124
(3914) 138
(3915) 127
(3916) 139
(3917) 131
(3918) 120
(3919) 120
(3920) 129
(3921) 144
(3922) 103
(3923) 127
(3924) 125
(3925) 114
(3926) 125
(3927) 122
(3928) 113
(3929) 126
(3930) 126
(3931) 117
(3932) 114
(3933) 142
(3934) 130
(3935) 130
(3936) 140
(3937) 108
(3938) 122
(3939) 113
(3940) 97
(3941) 106
(3942) 107
(3943) 108
(3944) 109
(3945) 107
(3946) 115
(3947) 136
(3948) 101
(3949) 108
(3950) 123
(3951) 95
(3952) 115
(3953) 102
(3954) 109
(3955) 104
(3956) 97
(3957) 109
(3958) 103
(3959) 106
(3960) 111
(3961) 97
(3962) 116
(3963) 95
(3964) 97
(3965) 105
(3966) 106
(3967) 111
(3968) 89
(3969) 97
(3970) 100
(3971) 96
(3972) 97
(3973) 103
(3974) 108
(3975) 98
(3976) 106
(3977) 86
(3978) 88
(3979) 106
(3980) 102
(3981) 105
(3982) 94
(3983) 86
(3984) 123
(3985) 109
(3986) 81
(3987) 83
(3988) 109
(3989) 95
(3990) 79
(3991) 78
(3992) 90
(3993) 92
(3994) 82
(3995) 89
(3996) 97
(3997) 92
(3998) 78
(3999) 81
(4000) 76
(4001) 73
(4002) 94
(4003) 83
(4004) 90
(4005) 86
(4006) 90
(4007) 71
(4008) 77
(4009) 78
(4010) 89
(4011) 72
(4012) 91
(4013) 63
(4014) 78
(4015) 74
(4016) 88
(4017) 86
(4018) 81
(4019) 81
(4020) 75
(4021) 77
(4022) 67
(4023) 66
(4024) 61
(4025) 76
(4026) 81
(4027) 69
(4028) 73
(4029) 63
(4030) 74
(4031) 66
(4032) 62
(4033) 46
(4034) 75
(4035) 52
(4036) 55
(4037) 52
(4038) 53
(4039) 67
(4040) 60
(4041) 72
(4042) 59
(4043) 54
(4044) 62
(4045) 67
(4046) 60
(4047) 52
(4048) 64
(4049) 59
(4050) 44
(4051) 48
(4052) 49
(4053) 56
(4054) 41
(4055) 41
(4056) 32
(4057) 33
(4058) 42
(4059) 49
(4060) 40
(4061) 61
(4062) 27
(4063) 44
(4064) 38
(4065) 32
(4066) 46
(4067) 38
(4068) 26
(4069) 30
(4070) 29
(4071) 30
(4072) 24
(4073) 31
(4074) 29
(4075) 31
(4076) 29
(4077) 32
(4078) 17
(4079) 19
(4080) 14
(4081) 17
(4082) 14
(4083) 19
(4084) 15
(4085) 16
(4086) 14
(4087) 11
(4088) 13
(4089) 9
(4090) 6
(4091) 4
(4092) 9
(4094) 4
(-1) -1
