"crs_qdc_01_energy" (4096)
Fri Jun 20 08:55:56 2008
 3
1 long 
("crs.qdc.1.energy")
(0 4096) 
--------------------------------------------
(0) 4
(1) 6
(2) 3
(3) 2
(5) 2
(6) 2
(7) 3
(8) 4
(9) 5
(10) 3
(11) 2
(12) 5
(13) 3
(14) 2
(16) 4
(17) 4
(18) 2
(19) 2
(20) 4
(21) 2
(22) 5
(23) 4
(24) 2
(25) 2
(26) 3
(27) 2
(28) 1
(29) 2
(30) 3
(31) 3
(32) 3
(33) 5
(34) 5
(35) 4
(36) 2
(37) 2
(38) 1
(39) 1
(40) 3
(41) 5
(42) 2
(43) 3
(44) 2
(45) 3
(46) 8
(47) 192
(48) 2332
(49) 5902
(50) 10230
(51) 31587
(52) 81020
(53) 72117
(54) 67622
(55) 67058
(56) 72476
(57) 88277
(58) 930331
(59) 593475
(60) 187715
(61) 154519
(62) 149692
(63) 163457
(64) 188647
(65) 175614
(66) 190851
(67) 199756
(68) 137233
(69) 123893
(70) 161445
(71) 104734
(72) 19564
(73) 5009
(74) 3609
(75) 2916
(76) 2628
(77) 2443
(78) 2288
(79) 2194
(80) 2133
(81) 2253
(82) 2266
(83) 2142
(84) 2223
(85) 2175
(86) 2199
(87) 2230
(88) 2200
(89) 2224
(90) 2309
(91) 2253
(92) 2264
(93) 2282
(94) 2228
(95) 2347
(96) 2321
(97) 2261
(98) 2352
(99) 2345
(100) 2325
(101) 2289
(102) 2391
(103) 2384
(104) 2412
(105) 2517
(106) 2539
(107) 2527
(108) 2449
(109) 2622
(110) 2674
(111) 2616
(112) 2585
(113) 2602
(114) 2707
(115) 2741
(116) 2722
(117) 2697
(118) 2859
(119) 2840
(120) 2949
(121) 2952
(122) 2942
(123) 2908
(124) 3029
(125) 3028
(126) 3099
(127) 3043
(128) 3119
(129) 3284
(130) 3262
(131) 3264
(132) 3286
(133) 3377
(134) 3293
(135) 3351
(136) 3428
(137) 3332
(138) 3500
(139) 3587
(140) 3590
(141) 3815
(142) 3763
(143) 3841
(144) 3838
(145) 3835
(146) 3865
(147) 4020
(148) 4012
(149) 4084
(150) 4060
(151) 4094
(152) 4290
(153) 4221
(154) 4301
(155) 4415
(156) 4487
(157) 4474
(158) 4659
(159) 4721
(160) 4695
(161) 4695
(162) 4819
(163) 5009
(164) 5013
(165) 5063
(166) 5188
(167) 5274
(168) 5444
(169) 5369
(170) 5406
(171) 5361
(172) 5633
(173) 5791
(174) 5694
(175) 5801
(176) 5791
(177) 5885
(178) 6135
(179) 6150
(180) 6262
(181) 6297
(182) 6389
(183) 6416
(184) 6547
(185) 6653
(186) 6682
(187) 6575
(188) 6793
(189) 6815
(190) 7096
(191) 7212
(192) 7271
(193) 7180
(194) 7459
(195) 7509
(196) 7824
(197) 7520
(198) 7794
(199) 7836
(200) 7788
(201) 8028
(202) 8128
(203) 8240
(204) 8247
(205) 8332
(206) 8236
(207) 8719
(208) 8650
(209) 8833
(210) 8888
(211) 8925
(212) 9054
(213) 9119
(214) 9153
(215) 9127
(216) 9516
(217) 9449
(218) 9583
(219) 9552
(220) 9880
(221) 9749
(222) 9866
(223) 10048
(224) 10089
(225) 10239
(226) 10206
(227) 10367
(228) 10515
(229) 10606
(230) 10700
(231) 10655
(232) 10689
(233) 11029
(234) 10742
(235) 11065
(236) 11212
(237) 11148
(238) 11336
(239) 11383
(240) 11470
(241) 11537
(242) 11726
(243) 11655
(244) 12029
(245) 12020
(246) 11918
(247) 12105
(248) 12298
(249) 12248
(250) 12479
(251) 12670
(252) 12505
(253) 12658
(254) 12879
(255) 12785
(256) 12918
(257) 13174
(258) 13187
(259) 13212
(260) 13104
(261) 13398
(262) 13334
(263) 13632
(264) 13570
(265) 13683
(266) 13558
(267) 13707
(268) 13804
(269) 14215
(270) 13759
(271) 14176
(272) 14181
(273) 14254
(274) 14277
(275) 14428
(276) 14549
(277) 14396
(278) 14766
(279) 14690
(280) 14822
(281) 14975
(282) 14955
(283) 14939
(284) 15035
(285) 15003
(286) 15194
(287) 15253
(288) 15110
(289) 15329
(290) 15468
(291) 15666
(292) 15410
(293) 15897
(294) 15766
(295) 15894
(296) 15673
(297) 15947
(298) 15867
(299) 16137
(300) 16358
(301) 16191
(302) 16255
(303) 16453
(304) 16239
(305) 16595
(306) 16828
(307) 16540
(308) 16767
(309) 16943
(310) 16960
(311) 17094
(312) 17132
(313) 17151
(314) 17334
(315) 17314
(316) 17706
(317) 17641
(318) 17631
(319) 17699
(320) 17697
(321) 17933
(322) 17814
(323) 18038
(324) 18156
(325) 18272
(326) 18442
(327) 18592
(328) 18859
(329) 18724
(330) 18578
(331) 18886
(332) 18935
(333) 18972
(334) 18974
(335) 19284
(336) 19415
(337) 19307
(338) 19455
(339) 19786
(340) 19969
(341) 20026
(342) 20137
(343) 20010
(344) 20187
(345) 20210
(346) 20624
(347) 20482
(348) 20742
(349) 20695
(350) 20552
(351) 20720
(352) 21031
(353) 21076
(354) 21145
(355) 21377
(356) 21151
(357) 21350
(358) 21716
(359) 21917
(360) 21838
(361) 22065
(362) 22124
(363) 22307
(364) 22238
(365) 22772
(366) 22657
(367) 22771
(368) 23111
(369) 23152
(370) 23636
(371) 23161
(372) 23861
(373) 24386
(374) 24136
(375) 24414
(376) 24719
(377) 25346
(378) 25389
(379) 25384
(380) 25292
(381) 26010
(382) 26423
(383) 26710
(384) 26381
(385) 27006
(386) 26968
(387) 27463
(388) 27312
(389) 27492
(390) 27437
(391) 28173
(392) 27913
(393) 28223
(394) 28103
(395) 28223
(396) 28390
(397) 28331
(398) 28759
(399) 28684
(400) 28406
(401) 29071
(402) 28877
(403) 29083
(404) 28967
(405) 28713
(406) 29095
(407) 29068
(408) 28894
(409) 29169
(410) 28836
(411) 28798
(412) 28934
(413) 29218
(414) 28963
(415) 29306
(416) 28972
(417) 29014
(418) 29267
(419) 28914
(420) 28814
(421) 28871
(422) 29446
(423) 28921
(424) 29106
(425) 28808
(426) 29198
(427) 29137
(428) 28781
(429) 28855
(430) 29144
(431) 28910
(432) 28661
(433) 29110
(434) 29020
(435) 29004
(436) 28425
(437) 29123
(438) 28757
(439) 29188
(440) 28675
(441) 29060
(442) 28651
(443) 28994
(444) 28703
(445) 28759
(446) 28654
(447) 28752
(448) 28676
(449) 28539
(450) 28537
(451) 28436
(452) 28678
(453) 28631
(454) 28693
(455) 28526
(456) 28460
(457) 28712
(458) 28278
(459) 28247
(460) 28409
(461) 28583
(462) 28654
(463) 28507
(464) 28202
(465) 28364
(466) 28493
(467) 28256
(468) 28225
(469) 28211
(470) 28151
(471) 28391
(472) 27951
(473) 28380
(474) 28294
(475) 28047
(476) 27955
(477) 28148
(478) 28212
(479) 27983
(480) 28082
(481) 28162
(482) 27896
(483) 27905
(484) 28089
(485) 27955
(486) 27974
(487) 27803
(488) 28210
(489) 27892
(490) 27717
(491) 27801
(492) 27683
(493) 27859
(494) 27882
(495) 27717
(496) 27777
(497) 27836
(498) 27920
(499) 27570
(500) 27830
(501) 27830
(502) 27890
(503) 27669
(504) 27998
(505) 27755
(506) 27798
(507) 27581
(508) 27709
(509) 27436
(510) 27378
(511) 27276
(512) 27614
(513) 27469
(514) 27649
(515) 27319
(516) 27616
(517) 27439
(518) 27374
(519) 27390
(520) 27296
(521) 27408
(522) 27146
(523) 27426
(524) 27238
(525) 27548
(526) 27620
(527) 27363
(528) 27123
(529) 27084
(530) 27078
(531) 27019
(532) 27169
(533) 27051
(534) 27012
(535) 26890
(536) 26971
(537) 26919
(538) 26920
(539) 27138
(540) 26621
(541) 26617
(542) 26983
(543) 26832
(544) 26833
(545) 26677
(546) 26647
(547) 26881
(548) 26785
(549) 26305
(550) 26670
(551) 26586
(552) 26526
(553) 26617
(554) 26556
(555) 26386
(556) 26331
(557) 26096
(558) 26256
(559) 25998
(560) 26154
(561) 25820
(562) 26211
(563) 26135
(564) 26120
(565) 25751
(566) 26107
(567) 26062
(568) 26071
(569) 25982
(570) 26018
(571) 25505
(572) 25924
(573) 25367
(574) 25748
(575) 25775
(576) 25438
(577) 25387
(578) 25174
(579) 25176
(580) 25276
(581) 25373
(582) 25368
(583) 25361
(584) 25178
(585) 25268
(586) 24830
(587) 24950
(588) 24804
(589) 24560
(590) 24784
(591) 24826
(592) 24562
(593) 24547
(594) 24614
(595) 24433
(596) 24751
(597) 24470
(598) 24315
(599) 24326
(600) 24154
(601) 24126
(602) 23929
(603) 24190
(604) 24126
(605) 23945
(606) 23870
(607) 23777
(608) 23723
(609) 23332
(610) 23509
(611) 23691
(612) 23305
(613) 23252
(614) 23315
(615) 23407
(616) 23135
(617) 22975
(618) 23179
(619) 22790
(620) 22951
(621) 23070
(622) 22722
(623) 22869
(624) 22408
(625) 22555
(626) 22358
(627) 22318
(628) 22362
(629) 22207
(630) 22228
(631) 22285
(632) 22059
(633) 22091
(634) 21822
(635) 21658
(636) 21887
(637) 21560
(638) 21562
(639) 21315
(640) 21328
(641) 21319
(642) 21530
(643) 21223
(644) 20931
(645) 20884
(646) 21174
(647) 20939
(648) 20817
(649) 20844
(650) 20688
(651) 20814
(652) 20368
(653) 20250
(654) 20361
(655) 20321
(656) 20312
(657) 20120
(658) 19827
(659) 19925
(660) 20100
(661) 19694
(662) 19683
(663) 19657
(664) 19307
(665) 19303
(666) 19181
(667) 19118
(668) 19350
(669) 19131
(670) 19043
(671) 18942
(672) 18917
(673) 18730
(674) 18608
(675) 18595
(676) 18500
(677) 18282
(678) 18562
(679) 18256
(680) 18344
(681) 18184
(682) 18153
(683) 17801
(684) 17855
(685) 18113
(686) 17710
(687) 17687
(688) 17583
(689) 17439
(690) 17515
(691) 17477
(692) 17423
(693) 17062
(694) 17025
(695) 16995
(696) 17113
(697) 17010
(698) 16656
(699) 16695
(700) 16540
(701) 16478
(702) 16466
(703) 16438
(704) 15909
(705) 16098
(706) 16148
(707) 16137
(708) 15805
(709) 16075
(710) 15813
(711) 15698
(712) 15807
(713) 15532
(714) 15713
(715) 15340
(716) 15221
(717) 15124
(718) 15191
(719) 14931
(720) 15189
(721) 14969
(722) 14850
(723) 14866
(724) 14702
(725) 14562
(726) 14754
(727) 14522
(728) 14295
(729) 14248
(730) 14219
(731) 14031
(732) 13926
(733) 14021
(734) 14005
(735) 13823
(736) 13735
(737) 13819
(738) 13751
(739) 13563
(740) 13500
(741) 13413
(742) 13323
(743) 13304
(744) 13304
(745) 13107
(746) 12920
(747) 12894
(748) 12983
(749) 12878
(750) 12809
(751) 12793
(752) 12735
(753) 12446
(754) 12332
(755) 12402
(756) 12367
(757) 12377
(758) 12236
(759) 12194
(760) 12098
(761) 12001
(762) 11905
(763) 11816
(764) 11797
(765) 11574
(766) 11647
(767) 11361
(768) 11450
(769) 11598
(770) 11312
(771) 11472
(772) 11026
(773) 11171
(774) 10990
(775) 11099
(776) 11061
(777) 10832
(778) 10794
(779) 10717
(780) 10776
(781) 10712
(782) 10505
(783) 10465
(784) 10381
(785) 10344
(786) 10293
(787) 10238
(788) 10183
(789) 10076
(790) 9998
(791) 10043
(792) 9937
(793) 9986
(794) 9960
(795) 9973
(796) 9757
(797) 9802
(798) 9610
(799) 9633
(800) 9534
(801) 9341
(802) 9385
(803) 9377
(804) 9392
(805) 9231
(806) 9232
(807) 9187
(808) 9028
(809) 9059
(810) 8969
(811) 8823
(812) 9023
(813) 8785
(814) 8895
(815) 8815
(816) 8490
(817) 8493
(818) 8571
(819) 8446
(820) 8463
(821) 8360
(822) 8353
(823) 8344
(824) 8186
(825) 8268
(826) 8246
(827) 8006
(828) 8087
(829) 8118
(830) 7877
(831) 7881
(832) 7846
(833) 7902
(834) 7798
(835) 7670
(836) 7746
(837) 7904
(838) 7447
(839) 7502
(840) 7540
(841) 7344
(842) 7400
(843) 7571
(844) 7131
(845) 7353
(846) 7029
(847) 6937
(848) 6944
(849) 7130
(850) 7017
(851) 7096
(852) 6904
(853) 6926
(854) 6703
(855) 6797
(856) 6765
(857) 6814
(858) 6768
(859) 6700
(860) 6733
(861) 6593
(862) 6489
(863) 6508
(864) 6384
(865) 6402
(866) 6353
(867) 6262
(868) 6223
(869) 6323
(870) 6021
(871) 6167
(872) 6173
(873) 6023
(874) 6013
(875) 6019
(876) 6063
(877) 6085
(878) 5906
(879) 5943
(880) 5991
(881) 5851
(882) 5814
(883) 5782
(884) 5702
(885) 5761
(886) 5727
(887) 5605
(888) 5508
(889) 5471
(890) 5456
(891) 5491
(892) 5556
(893) 5562
(894) 5457
(895) 5399
(896) 5341
(897) 5329
(898) 5186
(899) 5147
(900) 5193
(901) 5250
(902) 5068
(903) 5128
(904) 4983
(905) 4905
(906) 4941
(907) 5073
(908) 5000
(909) 5046
(910) 5015
(911) 4965
(912) 4906
(913) 4828
(914) 4802
(915) 4739
(916) 4730
(917) 4785
(918) 4677
(919) 4685
(920) 4566
(921) 4603
(922) 4582
(923) 4639
(924) 4539
(925) 4351
(926) 4466
(927) 4573
(928) 4409
(929) 4447
(930) 4498
(931) 4297
(932) 4383
(933) 4389
(934) 4228
(935) 4337
(936) 4179
(937) 4184
(938) 4157
(939) 4296
(940) 4117
(941) 4095
(942) 4150
(943) 3941
(944) 4079
(945) 4053
(946) 3979
(947) 4100
(948) 3889
(949) 4086
(950) 4003
(951) 4076
(952) 3853
(953) 3876
(954) 3648
(955) 3877
(956) 3870
(957) 3712
(958) 3768
(959) 3749
(960) 3807
(961) 3695
(962) 3709
(963) 3632
(964) 3548
(965) 3645
(966) 3458
(967) 3576
(968) 3577
(969) 3492
(970) 3474
(971) 3476
(972) 3592
(973) 3398
(974) 3479
(975) 3523
(976) 3387
(977) 3348
(978) 3513
(979) 3314
(980) 3396
(981) 3335
(982) 3316
(983) 3264
(984) 3311
(985) 3214
(986) 3265
(987) 3148
(988) 3190
(989) 3196
(990) 3183
(991) 3157
(992) 3147
(993) 3195
(994) 3236
(995) 3143
(996) 3060
(997) 3073
(998) 3058
(999) 3045
(1000) 3075
(1001) 3024
(1002) 2937
(1003) 2972
(1004) 2920
(1005) 2929
(1006) 2880
(1007) 2869
(1008) 2856
(1009) 2843
(1010) 2891
(1011) 2796
(1012) 2854
(1013) 2849
(1014) 2718
(1015) 2757
(1016) 2753
(1017) 2815
(1018) 2817
(1019) 2717
(1020) 2773
(1021) 2690
(1022) 2684
(1023) 2680
(1024) 2572
(1025) 2741
(1026) 2623
(1027) 2603
(1028) 2638
(1029) 2649
(1030) 2586
(1031) 2593
(1032) 2581
(1033) 2497
(1034) 2580
(1035) 2639
(1036) 2590
(1037) 2501
(1038) 2507
(1039) 2576
(1040) 2439
(1041) 2470
(1042) 2396
(1043) 2458
(1044) 2405
(1045) 2375
(1046) 2399
(1047) 2487
(1048) 2278
(1049) 2435
(1050) 2352
(1051) 2306
(1052) 2315
(1053) 2320
(1054) 2300
(1055) 2356
(1056) 2297
(1057) 2312
(1058) 2224
(1059) 2239
(1060) 2271
(1061) 2262
(1062) 2233
(1063) 2252
(1064) 2239
(1065) 2214
(1066) 2188
(1067) 2235
(1068) 2135
(1069) 2151
(1070) 2181
(1071) 2115
(1072) 2163
(1073) 2114
(1074) 2109
(1075) 2164
(1076) 2034
(1077) 2119
(1078) 2127
(1079) 2149
(1080) 2090
(1081) 2114
(1082) 2036
(1083) 1973
(1084) 2051
(1085) 2143
(1086) 2023
(1087) 1994
(1088) 2081
(1089) 2008
(1090) 1969
(1091) 2027
(1092) 1943
(1093) 1973
(1094) 1977
(1095) 2014
(1096) 1931
(1097) 1924
(1098) 1916
(1099) 1866
(1100) 1950
(1101) 1938
(1102) 1946
(1103) 1871
(1104) 1915
(1105) 1789
(1106) 1832
(1107) 1830
(1108) 1846
(1109) 1893
(1110) 1859
(1111) 1778
(1112) 1832
(1113) 1782
(1114) 1837
(1115) 1838
(1116) 1791
(1117) 1736
(1118) 1800
(1119) 1802
(1120) 1840
(1121) 1783
(1122) 1758
(1123) 1702
(1124) 1743
(1125) 1750
(1126) 1731
(1127) 1705
(1128) 1762
(1129) 1721
(1130) 1734
(1131) 1711
(1132) 1745
(1133) 1612
(1134) 1696
(1135) 1664
(1136) 1679
(1137) 1682
(1138) 1679
(1139) 1616
(1140) 1652
(1141) 1629
(1142) 1675
(1143) 1630
(1144) 1671
(1145) 1638
(1146) 1561
(1147) 1606
(1148) 1600
(1149) 1552
(1150) 1582
(1151) 1553
(1152) 1543
(1153) 1570
(1154) 1574
(1155) 1542
(1156) 1525
(1157) 1603
(1158) 1514
(1159) 1569
(1160) 1555
(1161) 1523
(1162) 1469
(1163) 1512
(1164) 1490
(1165) 1449
(1166) 1482
(1167) 1448
(1168) 1491
(1169) 1460
(1170) 1523
(1171) 1462
(1172) 1481
(1173) 1435
(1174) 1468
(1175) 1394
(1176) 1367
(1177) 1429
(1178) 1469
(1179) 1466
(1180) 1456
(1181) 1384
(1182) 1443
(1183) 1377
(1184) 1427
(1185) 1438
(1186) 1379
(1187) 1298
(1188) 1319
(1189) 1447
(1190) 1443
(1191) 1427
(1192) 1398
(1193) 1374
(1194) 1362
(1195) 1342
(1196) 1322
(1197) 1309
(1198) 1292
(1199) 1297
(1200) 1278
(1201) 1319
(1202) 1346
(1203) 1328
(1204) 1211
(1205) 1379
(1206) 1227
(1207) 1343
(1208) 1275
(1209) 1297
(1210) 1208
(1211) 1325
(1212) 1270
(1213) 1246
(1214) 1311
(1215) 1262
(1216) 1246
(1217) 1296
(1218) 1178
(1219) 1249
(1220) 1198
(1221) 1210
(1222) 1263
(1223) 1226
(1224) 1159
(1225) 1225
(1226) 1271
(1227) 1192
(1228) 1214
(1229) 1192
(1230) 1114
(1231) 1256
(1232) 1245
(1233) 1148
(1234) 1191
(1235) 1248
(1236) 1153
(1237) 1157
(1238) 1107
(1239) 1181
(1240) 1159
(1241) 1141
(1242) 1186
(1243) 1096
(1244) 1107
(1245) 1108
(1246) 1197
(1247) 1144
(1248) 1125
(1249) 1088
(1250) 1073
(1251) 1123
(1252) 1145
(1253) 1047
(1254) 1163
(1255) 1099
(1256) 1164
(1257) 1112
(1258) 1080
(1259) 1046
(1260) 1080
(1261) 1059
(1262) 1053
(1263) 1128
(1264) 1071
(1265) 1057
(1266) 1066
(1267) 1060
(1268) 998
(1269) 1025
(1270) 1049
(1271) 1006
(1272) 1057
(1273) 1043
(1274) 1033
(1275) 1062
(1276) 1028
(1277) 1085
(1278) 1021
(1279) 1022
(1280) 1013
(1281) 1036
(1282) 1056
(1283) 1035
(1284) 975
(1285) 1029
(1286) 1034
(1287) 975
(1288) 973
(1289) 1023
(1290) 993
(1291) 1005
(1292) 948
(1293) 1048
(1294) 969
(1295) 1036
(1296) 976
(1297) 1004
(1298) 980
(1299) 978
(1300) 907
(1301) 972
(1302) 971
(1303) 948
(1304) 964
(1305) 918
(1306) 962
(1307) 938
(1308) 884
(1309) 939
(1310) 961
(1311) 872
(1312) 982
(1313) 998
(1314) 970
(1315) 964
(1316) 904
(1317) 919
(1318) 875
(1319) 962
(1320) 880
(1321) 924
(1322) 866
(1323) 902
(1324) 936
(1325) 911
(1326) 857
(1327) 894
(1328) 879
(1329) 900
(1330) 873
(1331) 840
(1332) 885
(1333) 896
(1334) 895
(1335) 839
(1336) 889
(1337) 881
(1338) 884
(1339) 831
(1340) 859
(1341) 874
(1342) 895
(1343) 854
(1344) 829
(1345) 820
(1346) 862
(1347) 835
(1348) 828
(1349) 859
(1350) 881
(1351) 879
(1352) 782
(1353) 817
(1354) 776
(1355) 868
(1356) 850
(1357) 758
(1358) 862
(1359) 874
(1360) 821
(1361) 823
(1362) 802
(1363) 841
(1364) 830
(1365) 775
(1366) 757
(1367) 779
(1368) 798
(1369) 841
(1370) 787
(1371) 798
(1372) 808
(1373) 804
(1374) 769
(1375) 762
(1376) 792
(1377) 751
(1378) 803
(1379) 759
(1380) 733
(1381) 774
(1382) 713
(1383) 761
(1384) 777
(1385) 713
(1386) 787
(1387) 723
(1388) 854
(1389) 763
(1390) 716
(1391) 758
(1392) 763
(1393) 754
(1394) 765
(1395) 718
(1396) 696
(1397) 733
(1398) 760
(1399) 701
(1400) 665
(1401) 741
(1402) 726
(1403) 734
(1404) 724
(1405) 710
(1406) 720
(1407) 692
(1408) 678
(1409) 719
(1410) 702
(1411) 701
(1412) 706
(1413) 772
(1414) 658
(1415) 707
(1416) 703
(1417) 687
(1418) 677
(1419) 678
(1420) 645
(1421) 683
(1422) 625
(1423) 635
(1424) 678
(1425) 685
(1426) 649
(1427) 710
(1428) 676
(1429) 629
(1430) 665
(1431) 692
(1432) 635
(1433) 700
(1434) 662
(1435) 658
(1436) 670
(1437) 603
(1438) 691
(1439) 661
(1440) 634
(1441) 633
(1442) 660
(1443) 646
(1444) 604
(1445) 656
(1446) 650
(1447) 626
(1448) 617
(1449) 654
(1450) 621
(1451) 594
(1452) 618
(1453) 619
(1454) 626
(1455) 666
(1456) 666
(1457) 639
(1458) 599
(1459) 585
(1460) 644
(1461) 638
(1462) 605
(1463) 654
(1464) 619
(1465) 604
(1466) 620
(1467) 620
(1468) 615
(1469) 622
(1470) 626
(1471) 593
(1472) 619
(1473) 579
(1474) 626
(1475) 596
(1476) 639
(1477) 592
(1478) 607
(1479) 624
(1480) 624
(1481) 558
(1482) 554
(1483) 591
(1484) 634
(1485) 585
(1486) 584
(1487) 573
(1488) 551
(1489) 589
(1490) 565
(1491) 592
(1492) 609
(1493) 591
(1494) 553
(1495) 556
(1496) 604
(1497) 569
(1498) 607
(1499) 600
(1500) 595
(1501) 526
(1502) 510
(1503) 567
(1504) 574
(1505) 540
(1506) 528
(1507) 560
(1508) 538
(1509) 540
(1510) 534
(1511) 506
(1512) 522
(1513) 534
(1514) 526
(1515) 563
(1516) 522
(1517) 577
(1518) 577
(1519) 540
(1520) 502
(1521) 537
(1522) 520
(1523) 530
(1524) 541
(1525) 500
(1526) 528
(1527) 529
(1528) 528
(1529) 542
(1530) 556
(1531) 511
(1532) 500
(1533) 463
(1534) 553
(1535) 506
(1536) 551
(1537) 482
(1538) 516
(1539) 526
(1540) 479
(1541) 538
(1542) 518
(1543) 503
(1544) 535
(1545) 490
(1546) 514
(1547) 514
(1548) 447
(1549) 527
(1550) 487
(1551) 499
(1552) 571
(1553) 502
(1554) 548
(1555) 491
(1556) 488
(1557) 502
(1558) 488
(1559) 507
(1560) 475
(1561) 449
(1562) 504
(1563) 475
(1564) 498
(1565) 491
(1566) 519
(1567) 499
(1568) 508
(1569) 487
(1570) 488
(1571) 487
(1572) 474
(1573) 489
(1574) 499
(1575) 441
(1576) 480
(1577) 472
(1578) 480
(1579) 517
(1580) 422
(1581) 489
(1582) 430
(1583) 462
(1584) 458
(1585) 484
(1586) 476
(1587) 465
(1588) 454
(1589) 460
(1590) 466
(1591) 459
(1592) 507
(1593) 488
(1594) 466
(1595) 517
(1596) 431
(1597) 432
(1598) 449
(1599) 447
(1600) 405
(1601) 418
(1602) 436
(1603) 438
(1604) 492
(1605) 412
(1606) 410
(1607) 470
(1608) 440
(1609) 431
(1610) 408
(1611) 466
(1612) 447
(1613) 430
(1614) 413
(1615) 435
(1616) 446
(1617) 400
(1618) 388
(1619) 455
(1620) 390
(1621) 412
(1622) 413
(1623) 449
(1624) 394
(1625) 430
(1626) 437
(1627) 427
(1628) 418
(1629) 404
(1630) 396
(1631) 421
(1632) 429
(1633) 439
(1634) 425
(1635) 424
(1636) 421
(1637) 428
(1638) 418
(1639) 386
(1640) 355
(1641) 423
(1642) 405
(1643) 435
(1644) 407
(1645) 418
(1646) 375
(1647) 415
(1648) 416
(1649) 421
(1650) 403
(1651) 381
(1652) 401
(1653) 391
(1654) 403
(1655) 410
(1656) 384
(1657) 416
(1658) 396
(1659) 394
(1660) 402
(1661) 419
(1662) 376
(1663) 383
(1664) 357
(1665) 402
(1666) 419
(1667) 393
(1668) 396
(1669) 420
(1670) 440
(1671) 381
(1672) 381
(1673) 381
(1674) 377
(1675) 359
(1676) 344
(1677) 369
(1678) 366
(1679) 383
(1680) 406
(1681) 357
(1682) 397
(1683) 385
(1684) 411
(1685) 347
(1686) 362
(1687) 367
(1688) 344
(1689) 388
(1690) 371
(1691) 366
(1692) 385
(1693) 361
(1694) 378
(1695) 375
(1696) 365
(1697) 349
(1698) 345
(1699) 359
(1700) 353
(1701) 371
(1702) 366
(1703) 372
(1704) 362
(1705) 373
(1706) 353
(1707) 360
(1708) 377
(1709) 358
(1710) 355
(1711) 334
(1712) 344
(1713) 365
(1714) 332
(1715) 385
(1716) 342
(1717) 372
(1718) 380
(1719) 350
(1720) 382
(1721) 327
(1722) 294
(1723) 362
(1724) 335
(1725) 369
(1726) 363
(1727) 344
(1728) 343
(1729) 344
(1730) 336
(1731) 360
(1732) 333
(1733) 350
(1734) 344
(1735) 353
(1736) 346
(1737) 352
(1738) 329
(1739) 324
(1740) 344
(1741) 306
(1742) 315
(1743) 308
(1744) 330
(1745) 332
(1746) 327
(1747) 366
(1748) 315
(1749) 327
(1750) 331
(1751) 347
(1752) 348
(1753) 375
(1754) 338
(1755) 336
(1756) 331
(1757) 324
(1758) 313
(1759) 316
(1760) 322
(1761) 321
(1762) 323
(1763) 306
(1764) 305
(1765) 326
(1766) 310
(1767) 297
(1768) 312
(1769) 323
(1770) 342
(1771) 340
(1772) 341
(1773) 321
(1774) 316
(1775) 331
(1776) 331
(1777) 299
(1778) 302
(1779) 312
(1780) 307
(1781) 322
(1782) 315
(1783) 297
(1784) 308
(1785) 299
(1786) 329
(1787) 301
(1788) 316
(1789) 287
(1790) 300
(1791) 302
(1792) 303
(1793) 301
(1794) 302
(1795) 285
(1796) 324
(1797) 292
(1798) 303
(1799) 311
(1800) 295
(1801) 308
(1802) 285
(1803) 291
(1804) 299
(1805) 298
(1806) 321
(1807) 282
(1808) 289
(1809) 292
(1810) 287
(1811) 278
(1812) 263
(1813) 274
(1814) 273
(1815) 310
(1816) 294
(1817) 309
(1818) 299
(1819) 272
(1820) 291
(1821) 266
(1822) 308
(1823) 299
(1824) 288
(1825) 289
(1826) 293
(1827) 270
(1828) 300
(1829) 271
(1830) 298
(1831) 300
(1832) 289
(1833) 303
(1834) 292
(1835) 289
(1836) 285
(1837) 270
(1838) 287
(1839) 276
(1840) 272
(1841) 313
(1842) 303
(1843) 276
(1844) 270
(1845) 307
(1846) 269
(1847) 263
(1848) 276
(1849) 278
(1850) 283
(1851) 266
(1852) 272
(1853) 256
(1854) 273
(1855) 302
(1856) 276
(1857) 302
(1858) 285
(1859) 282
(1860) 266
(1861) 264
(1862) 251
(1863) 308
(1864) 265
(1865) 251
(1866) 268
(1867) 302
(1868) 276
(1869) 249
(1870) 273
(1871) 256
(1872) 263
(1873) 269
(1874) 278
(1875) 264
(1876) 280
(1877) 268
(1878) 267
(1879) 282
(1880) 252
(1881) 262
(1882) 311
(1883) 284
(1884) 266
(1885) 261
(1886) 297
(1887) 249
(1888) 273
(1889) 256
(1890) 278
(1891) 264
(1892) 260
(1893) 277
(1894) 275
(1895) 268
(1896) 275
(1897) 247
(1898) 290
(1899) 290
(1900) 309
(1901) 277
(1902) 271
(1903) 254
(1904) 244
(1905) 273
(1906) 273
(1907) 233
(1908) 272
(1909) 260
(1910) 243
(1911) 279
(1912) 261
(1913) 280
(1914) 254
(1915) 251
(1916) 283
(1917) 258
(1918) 229
(1919) 271
(1920) 283
(1921) 229
(1922) 255
(1923) 276
(1924) 282
(1925) 255
(1926) 257
(1927) 269
(1928) 253
(1929) 249
(1930) 279
(1931) 256
(1932) 237
(1933) 225
(1934) 248
(1935) 258
(1936) 239
(1937) 249
(1938) 261
(1939) 269
(1940) 243
(1941) 245
(1942) 278
(1943) 261
(1944) 261
(1945) 239
(1946) 261
(1947) 236
(1948) 250
(1949) 291
(1950) 247
(1951) 261
(1952) 245
(1953) 232
(1954) 268
(1955) 233
(1956) 257
(1957) 233
(1958) 248
(1959) 251
(1960) 226
(1961) 250
(1962) 270
(1963) 259
(1964) 259
(1965) 256
(1966) 233
(1967) 248
(1968) 243
(1969) 236
(1970) 240
(1971) 220
(1972) 265
(1973) 243
(1974) 253
(1975) 230
(1976) 223
(1977) 229
(1978) 236
(1979) 277
(1980) 206
(1981) 268
(1982) 255
(1983) 254
(1984) 238
(1985) 248
(1986) 224
(1987) 285
(1988) 229
(1989) 233
(1990) 245
(1991) 249
(1992) 239
(1993) 250
(1994) 287
(1995) 248
(1996) 266
(1997) 209
(1998) 246
(1999) 241
(2000) 247
(2001) 225
(2002) 240
(2003) 231
(2004) 239
(2005) 245
(2006) 219
(2007) 233
(2008) 221
(2009) 247
(2010) 229
(2011) 241
(2012) 224
(2013) 239
(2014) 221
(2015) 247
(2016) 254
(2017) 224
(2018) 225
(2019) 272
(2020) 266
(2021) 221
(2022) 258
(2023) 245
(2024) 241
(2025) 224
(2026) 239
(2027) 225
(2028) 264
(2029) 208
(2030) 238
(2031) 223
(2032) 241
(2033) 234
(2034) 204
(2035) 238
(2036) 226
(2037) 250
(2038) 258
(2039) 237
(2040) 230
(2041) 234
(2042) 265
(2043) 227
(2044) 222
(2045) 238
(2046) 241
(2047) 226
(2048) 245
(2049) 225
(2050) 248
(2051) 222
(2052) 239
(2053) 240
(2054) 220
(2055) 248
(2056) 215
(2057) 225
(2058) 259
(2059) 232
(2060) 222
(2061) 265
(2062) 263
(2063) 242
(2064) 226
(2065) 216
(2066) 225
(2067) 239
(2068) 194
(2069) 250
(2070) 262
(2071) 224
(2072) 234
(2073) 250
(2074) 214
(2075) 228
(2076) 192
(2077) 252
(2078) 215
(2079) 200
(2080) 235
(2081) 201
(2082) 231
(2083) 229
(2084) 252
(2085) 255
(2086) 223
(2087) 197
(2088) 225
(2089) 223
(2090) 226
(2091) 195
(2092) 220
(2093) 231
(2094) 240
(2095) 227
(2096) 212
(2097) 222
(2098) 218
(2099) 228
(2100) 223
(2101) 220
(2102) 230
(2103) 216
(2104) 226
(2105) 214
(2106) 224
(2107) 210
(2108) 243
(2109) 229
(2110) 224
(2111) 215
(2112) 201
(2113) 228
(2114) 211
(2115) 213
(2116) 244
(2117) 236
(2118) 205
(2119) 244
(2120) 249
(2121) 238
(2122) 218
(2123) 206
(2124) 207
(2125) 243
(2126) 229
(2127) 230
(2128) 219
(2129) 213
(2130) 221
(2131) 225
(2132) 234
(2133) 245
(2134) 201
(2135) 230
(2136) 229
(2137) 230
(2138) 180
(2139) 205
(2140) 214
(2141) 214
(2142) 219
(2143) 210
(2144) 230
(2145) 240
(2146) 200
(2147) 205
(2148) 224
(2149) 230
(2150) 243
(2151) 215
(2152) 210
(2153) 207
(2154) 242
(2155) 207
(2156) 248
(2157) 193
(2158) 227
(2159) 231
(2160) 228
(2161) 227
(2162) 215
(2163) 212
(2164) 211
(2165) 237
(2166) 186
(2167) 246
(2168) 239
(2169) 222
(2170) 245
(2171) 233
(2172) 211
(2173) 200
(2174) 226
(2175) 221
(2176) 217
(2177) 200
(2178) 246
(2179) 228
(2180) 203
(2181) 219
(2182) 218
(2183) 219
(2184) 210
(2185) 213
(2186) 187
(2187) 239
(2188) 219
(2189) 209
(2190) 210
(2191) 210
(2192) 212
(2193) 241
(2194) 236
(2195) 198
(2196) 216
(2197) 216
(2198) 220
(2199) 201
(2200) 224
(2201) 210
(2202) 262
(2203) 235
(2204) 200
(2205) 233
(2206) 239
(2207) 207
(2208) 205
(2209) 205
(2210) 217
(2211) 237
(2212) 218
(2213) 208
(2214) 227
(2215) 232
(2216) 202
(2217) 237
(2218) 239
(2219) 231
(2220) 244
(2221) 239
(2222) 223
(2223) 228
(2224) 229
(2225) 232
(2226) 236
(2227) 258
(2228) 199
(2229) 230
(2230) 230
(2231) 215
(2232) 220
(2233) 220
(2234) 235
(2235) 217
(2236) 191
(2237) 239
(2238) 201
(2239) 190
(2240) 236
(2241) 219
(2242) 252
(2243) 228
(2244) 214
(2245) 245
(2246) 222
(2247) 263
(2248) 219
(2249) 240
(2250) 212
(2251) 230
(2252) 242
(2253) 206
(2254) 218
(2255) 207
(2256) 234
(2257) 199
(2258) 211
(2259) 246
(2260) 232
(2261) 236
(2262) 229
(2263) 233
(2264) 223
(2265) 226
(2266) 198
(2267) 210
(2268) 226
(2269) 218
(2270) 221
(2271) 224
(2272) 230
(2273) 235
(2274) 207
(2275) 208
(2276) 203
(2277) 205
(2278) 234
(2279) 218
(2280) 224
(2281) 218
(2282) 232
(2283) 228
(2284) 247
(2285) 236
(2286) 228
(2287) 218
(2288) 222
(2289) 222
(2290) 192
(2291) 241
(2292) 231
(2293) 229
(2294) 245
(2295) 233
(2296) 216
(2297) 236
(2298) 206
(2299) 200
(2300) 241
(2301) 221
(2302) 251
(2303) 237
(2304) 207
(2305) 220
(2306) 217
(2307) 239
(2308) 204
(2309) 227
(2310) 232
(2311) 213
(2312) 248
(2313) 251
(2314) 216
(2315) 212
(2316) 238
(2317) 204
(2318) 250
(2319) 249
(2320) 229
(2321) 243
(2322) 229
(2323) 251
(2324) 231
(2325) 248
(2326) 221
(2327) 239
(2328) 234
(2329) 219
(2330) 245
(2331) 230
(2332) 220
(2333) 214
(2334) 208
(2335) 253
(2336) 229
(2337) 231
(2338) 224
(2339) 223
(2340) 203
(2341) 203
(2342) 225
(2343) 230
(2344) 210
(2345) 232
(2346) 205
(2347) 256
(2348) 215
(2349) 199
(2350) 216
(2351) 225
(2352) 231
(2353) 257
(2354) 237
(2355) 236
(2356) 233
(2357) 194
(2358) 238
(2359) 239
(2360) 226
(2361) 202
(2362) 209
(2363) 215
(2364) 230
(2365) 222
(2366) 228
(2367) 230
(2368) 194
(2369) 221
(2370) 223
(2371) 209
(2372) 255
(2373) 240
(2374) 246
(2375) 241
(2376) 241
(2377) 240
(2378) 240
(2379) 236
(2380) 240
(2381) 222
(2382) 228
(2383) 230
(2384) 213
(2385) 240
(2386) 233
(2387) 258
(2388) 212
(2389) 219
(2390) 245
(2391) 238
(2392) 226
(2393) 231
(2394) 239
(2395) 201
(2396) 225
(2397) 208
(2398) 230
(2399) 234
(2400) 205
(2401) 220
(2402) 222
(2403) 226
(2404) 231
(2405) 239
(2406) 224
(2407) 227
(2408) 221
(2409) 206
(2410) 240
(2411) 213
(2412) 220
(2413) 216
(2414) 200
(2415) 260
(2416) 213
(2417) 267
(2418) 227
(2419) 233
(2420) 234
(2421) 210
(2422) 243
(2423) 247
(2424) 220
(2425) 230
(2426) 258
(2427) 251
(2428) 222
(2429) 232
(2430) 253
(2431) 229
(2432) 253
(2433) 243
(2434) 225
(2435) 227
(2436) 240
(2437) 243
(2438) 232
(2439) 221
(2440) 217
(2441) 227
(2442) 235
(2443) 222
(2444) 235
(2445) 230
(2446) 223
(2447) 231
(2448) 250
(2449) 247
(2450) 245
(2451) 211
(2452) 221
(2453) 225
(2454) 218
(2455) 268
(2456) 241
(2457) 207
(2458) 247
(2459) 211
(2460) 258
(2461) 230
(2462) 221
(2463) 212
(2464) 218
(2465) 219
(2466) 211
(2467) 239
(2468) 206
(2469) 230
(2470) 218
(2471) 224
(2472) 249
(2473) 214
(2474) 230
(2475) 221
(2476) 243
(2477) 239
(2478) 213
(2479) 221
(2480) 235
(2481) 236
(2482) 229
(2483) 219
(2484) 230
(2485) 241
(2486) 230
(2487) 211
(2488) 247
(2489) 252
(2490) 234
(2491) 231
(2492) 224
(2493) 211
(2494) 215
(2495) 256
(2496) 260
(2497) 202
(2498) 249
(2499) 239
(2500) 212
(2501) 233
(2502) 243
(2503) 236
(2504) 237
(2505) 240
(2506) 256
(2507) 266
(2508) 225
(2509) 238
(2510) 268
(2511) 219
(2512) 248
(2513) 241
(2514) 236
(2515) 236
(2516) 225
(2517) 224
(2518) 225
(2519) 220
(2520) 227
(2521) 233
(2522) 248
(2523) 260
(2524) 262
(2525) 248
(2526) 264
(2527) 243
(2528) 225
(2529) 227
(2530) 232
(2531) 255
(2532) 256
(2533) 238
(2534) 202
(2535) 251
(2536) 237
(2537) 253
(2538) 233
(2539) 266
(2540) 202
(2541) 241
(2542) 233
(2543) 271
(2544) 249
(2545) 237
(2546) 244
(2547) 226
(2548) 226
(2549) 235
(2550) 232
(2551) 230
(2552) 236
(2553) 223
(2554) 224
(2555) 212
(2556) 247
(2557) 219
(2558) 255
(2559) 233
(2560) 228
(2561) 257
(2562) 250
(2563) 248
(2564) 231
(2565) 225
(2566) 210
(2567) 229
(2568) 240
(2569) 251
(2570) 235
(2571) 266
(2572) 239
(2573) 240
(2574) 222
(2575) 241
(2576) 236
(2577) 250
(2578) 227
(2579) 243
(2580) 259
(2581) 246
(2582) 255
(2583) 270
(2584) 258
(2585) 221
(2586) 252
(2587) 229
(2588) 234
(2589) 234
(2590) 245
(2591) 229
(2592) 199
(2593) 247
(2594) 255
(2595) 234
(2596) 241
(2597) 231
(2598) 225
(2599) 244
(2600) 221
(2601) 237
(2602) 242
(2603) 256
(2604) 254
(2605) 240
(2606) 224
(2607) 250
(2608) 267
(2609) 236
(2610) 225
(2611) 240
(2612) 229
(2613) 264
(2614) 251
(2615) 241
(2616) 242
(2617) 218
(2618) 256
(2619) 240
(2620) 256
(2621) 253
(2622) 238
(2623) 260
(2624) 237
(2625) 241
(2626) 279
(2627) 225
(2628) 241
(2629) 257
(2630) 241
(2631) 232
(2632) 269
(2633) 252
(2634) 253
(2635) 236
(2636) 251
(2637) 258
(2638) 245
(2639) 253
(2640) 231
(2641) 257
(2642) 260
(2643) 252
(2644) 225
(2645) 237
(2646) 250
(2647) 234
(2648) 255
(2649) 250
(2650) 232
(2651) 235
(2652) 229
(2653) 238
(2654) 262
(2655) 233
(2656) 230
(2657) 266
(2658) 258
(2659) 263
(2660) 266
(2661) 229
(2662) 234
(2663) 244
(2664) 271
(2665) 256
(2666) 235
(2667) 247
(2668) 254
(2669) 268
(2670) 243
(2671) 232
(2672) 239
(2673) 252
(2674) 239
(2675) 242
(2676) 249
(2677) 257
(2678) 244
(2679) 273
(2680) 247
(2681) 264
(2682) 259
(2683) 231
(2684) 246
(2685) 232
(2686) 216
(2687) 255
(2688) 291
(2689) 261
(2690) 272
(2691) 232
(2692) 246
(2693) 247
(2694) 250
(2695) 256
(2696) 260
(2697) 245
(2698) 249
(2699) 270
(2700) 237
(2701) 238
(2702) 279
(2703) 267
(2704) 251
(2705) 254
(2706) 249
(2707) 258
(2708) 228
(2709) 254
(2710) 248
(2711) 249
(2712) 245
(2713) 251
(2714) 263
(2715) 246
(2716) 247
(2717) 244
(2718) 243
(2719) 245
(2720) 250
(2721) 225
(2722) 269
(2723) 265
(2724) 236
(2725) 258
(2726) 242
(2727) 248
(2728) 261
(2729) 225
(2730) 244
(2731) 263
(2732) 249
(2733) 235
(2734) 239
(2735) 255
(2736) 274
(2737) 247
(2738) 263
(2739) 238
(2740) 264
(2741) 254
(2742) 225
(2743) 252
(2744) 252
(2745) 265
(2746) 249
(2747) 278
(2748) 245
(2749) 261
(2750) 234
(2751) 270
(2752) 223
(2753) 228
(2754) 255
(2755) 254
(2756) 258
(2757) 238
(2758) 243
(2759) 245
(2760) 251
(2761) 238
(2762) 235
(2763) 275
(2764) 279
(2765) 263
(2766) 253
(2767) 235
(2768) 249
(2769) 256
(2770) 290
(2771) 270
(2772) 243
(2773) 259
(2774) 247
(2775) 253
(2776) 253
(2777) 246
(2778) 222
(2779) 246
(2780) 236
(2781) 244
(2782) 246
(2783) 246
(2784) 240
(2785) 260
(2786) 265
(2787) 272
(2788) 245
(2789) 256
(2790) 227
(2791) 280
(2792) 254
(2793) 268
(2794) 266
(2795) 245
(2796) 257
(2797) 292
(2798) 227
(2799) 276
(2800) 234
(2801) 267
(2802) 257
(2803) 256
(2804) 243
(2805) 256
(2806) 247
(2807) 256
(2808) 262
(2809) 263
(2810) 254
(2811) 226
(2812) 258
(2813) 217
(2814) 249
(2815) 247
(2816) 254
(2817) 235
(2818) 276
(2819) 261
(2820) 252
(2821) 242
(2822) 275
(2823) 262
(2824) 258
(2825) 258
(2826) 260
(2827) 257
(2828) 281
(2829) 247
(2830) 264
(2831) 258
(2832) 256
(2833) 282
(2834) 255
(2835) 286
(2836) 264
(2837) 245
(2838) 262
(2839) 239
(2840) 257
(2841) 260
(2842) 282
(2843) 246
(2844) 274
(2845) 226
(2846) 271
(2847) 265
(2848) 264
(2849) 251
(2850) 260
(2851) 276
(2852) 287
(2853) 279
(2854) 264
(2855) 257
(2856) 267
(2857) 234
(2858) 291
(2859) 283
(2860) 277
(2861) 278
(2862) 262
(2863) 263
(2864) 276
(2865) 280
(2866) 276
(2867) 280
(2868) 270
(2869) 282
(2870) 243
(2871) 242
(2872) 272
(2873) 291
(2874) 246
(2875) 292
(2876) 261
(2877) 285
(2878) 262
(2879) 247
(2880) 266
(2881) 269
(2882) 248
(2883) 236
(2884) 250
(2885) 263
(2886) 278
(2887) 284
(2888) 262
(2889) 271
(2890) 285
(2891) 286
(2892) 248
(2893) 231
(2894) 257
(2895) 283
(2896) 269
(2897) 236
(2898) 263
(2899) 244
(2900) 306
(2901) 278
(2902) 256
(2903) 262
(2904) 267
(2905) 275
(2906) 231
(2907) 276
(2908) 254
(2909) 246
(2910) 269
(2911) 282
(2912) 249
(2913) 253
(2914) 277
(2915) 277
(2916) 271
(2917) 292
(2918) 269
(2919) 244
(2920) 268
(2921) 272
(2922) 283
(2923) 245
(2924) 280
(2925) 250
(2926) 253
(2927) 252
(2928) 262
(2929) 250
(2930) 257
(2931) 273
(2932) 267
(2933) 266
(2934) 275
(2935) 268
(2936) 251
(2937) 279
(2938) 233
(2939) 258
(2940) 258
(2941) 219
(2942) 255
(2943) 268
(2944) 261
(2945) 281
(2946) 259
(2947) 275
(2948) 255
(2949) 249
(2950) 269
(2951) 264
(2952) 264
(2953) 260
(2954) 251
(2955) 251
(2956) 272
(2957) 247
(2958) 274
(2959) 243
(2960) 267
(2961) 264
(2962) 276
(2963) 247
(2964) 237
(2965) 243
(2966) 307
(2967) 238
(2968) 281
(2969) 273
(2970) 258
(2971) 271
(2972) 258
(2973) 249
(2974) 268
(2975) 271
(2976) 269
(2977) 268
(2978) 234
(2979) 272
(2980) 260
(2981) 231
(2982) 274
(2983) 286
(2984) 286
(2985) 268
(2986) 244
(2987) 257
(2988) 242
(2989) 250
(2990) 286
(2991) 236
(2992) 261
(2993) 301
(2994) 280
(2995) 288
(2996) 265
(2997) 238
(2998) 251
(2999) 254
(3000) 258
(3001) 266
(3002) 275
(3003) 282
(3004) 267
(3005) 270
(3006) 284
(3007) 278
(3008) 247
(3009) 280
(3010) 281
(3011) 262
(3012) 285
(3013) 284
(3014) 281
(3015) 303
(3016) 246
(3017) 266
(3018) 274
(3019) 288
(3020) 239
(3021) 267
(3022) 283
(3023) 273
(3024) 271
(3025) 293
(3026) 255
(3027) 264
(3028) 276
(3029) 261
(3030) 268
(3031) 235
(3032) 269
(3033) 264
(3034) 265
(3035) 304
(3036) 265
(3037) 280
(3038) 263
(3039) 267
(3040) 272
(3041) 263
(3042) 249
(3043) 292
(3044) 261
(3045) 258
(3046) 248
(3047) 274
(3048) 288
(3049) 245
(3050) 241
(3051) 251
(3052) 249
(3053) 247
(3054) 287
(3055) 261
(3056) 252
(3057) 289
(3058) 247
(3059) 273
(3060) 249
(3061) 275
(3062) 278
(3063) 228
(3064) 252
(3065) 289
(3066) 256
(3067) 253
(3068) 272
(3069) 301
(3070) 275
(3071) 265
(3072) 230
(3073) 271
(3074) 280
(3075) 292
(3076) 284
(3077) 254
(3078) 263
(3079) 267
(3080) 243
(3081) 283
(3082) 234
(3083) 259
(3084) 294
(3085) 228
(3086) 271
(3087) 242
(3088) 241
(3089) 280
(3090) 277
(3091) 265
(3092) 243
(3093) 266
(3094) 270
(3095) 236
(3096) 254
(3097) 260
(3098) 271
(3099) 264
(3100) 285
(3101) 263
(3102) 274
(3103) 249
(3104) 280
(3105) 255
(3106) 268
(3107) 240
(3108) 267
(3109) 247
(3110) 223
(3111) 264
(3112) 275
(3113) 264
(3114) 274
(3115) 261
(3116) 260
(3117) 259
(3118) 258
(3119) 268
(3120) 279
(3121) 273
(3122) 263
(3123) 253
(3124) 269
(3125) 257
(3126) 270
(3127) 257
(3128) 267
(3129) 247
(3130) 278
(3131) 249
(3132) 240
(3133) 269
(3134) 257
(3135) 284
(3136) 258
(3137) 286
(3138) 271
(3139) 251
(3140) 252
(3141) 261
(3142) 260
(3143) 277
(3144) 271
(3145) 234
(3146) 231
(3147) 236
(3148) 279
(3149) 285
(3150) 285
(3151) 253
(3152) 254
(3153) 275
(3154) 226
(3155) 299
(3156) 262
(3157) 259
(3158) 240
(3159) 249
(3160) 290
(3161) 256
(3162) 272
(3163) 274
(3164) 259
(3165) 249
(3166) 240
(3167) 225
(3168) 257
(3169) 252
(3170) 259
(3171) 284
(3172) 253
(3173) 250
(3174) 265
(3175) 276
(3176) 256
(3177) 247
(3178) 287
(3179) 251
(3180) 275
(3181) 277
(3182) 247
(3183) 263
(3184) 257
(3185) 244
(3186) 277
(3187) 264
(3188) 257
(3189) 264
(3190) 260
(3191) 277
(3192) 243
(3193) 269
(3194) 277
(3195) 262
(3196) 279
(3197) 257
(3198) 244
(3199) 244
(3200) 264
(3201) 273
(3202) 290
(3203) 259
(3204) 283
(3205) 260
(3206) 260
(3207) 267
(3208) 249
(3209) 272
(3210) 265
(3211) 275
(3212) 261
(3213) 267
(3214) 249
(3215) 231
(3216) 224
(3217) 271
(3218) 265
(3219) 235
(3220) 264
(3221) 290
(3222) 283
(3223) 247
(3224) 251
(3225) 294
(3226) 259
(3227) 244
(3228) 276
(3229) 245
(3230) 257
(3231) 282
(3232) 243
(3233) 248
(3234) 249
(3235) 245
(3236) 261
(3237) 264
(3238) 265
(3239) 263
(3240) 247
(3241) 265
(3242) 252
(3243) 264
(3244) 260
(3245) 247
(3246) 254
(3247) 260
(3248) 255
(3249) 265
(3250) 246
(3251) 245
(3252) 290
(3253) 252
(3254) 284
(3255) 274
(3256) 232
(3257) 244
(3258) 276
(3259) 240
(3260) 277
(3261) 284
(3262) 257
(3263) 252
(3264) 259
(3265) 271
(3266) 246
(3267) 283
(3268) 241
(3269) 253
(3270) 250
(3271) 248
(3272) 231
(3273) 261
(3274) 260
(3275) 282
(3276) 292
(3277) 274
(3278) 284
(3279) 265
(3280) 275
(3281) 259
(3282) 250
(3283) 231
(3284) 234
(3285) 234
(3286) 271
(3287) 268
(3288) 252
(3289) 265
(3290) 258
(3291) 267
(3292) 287
(3293) 233
(3294) 264
(3295) 240
(3296) 268
(3297) 277
(3298) 269
(3299) 261
(3300) 282
(3301) 267
(3302) 289
(3303) 256
(3304) 256
(3305) 281
(3306) 255
(3307) 276
(3308) 243
(3309) 263
(3310) 260
(3311) 248
(3312) 257
(3313) 278
(3314) 261
(3315) 254
(3316) 234
(3317) 250
(3318) 263
(3319) 246
(3320) 258
(3321) 251
(3322) 249
(3323) 226
(3324) 253
(3325) 265
(3326) 291
(3327) 269
(3328) 272
(3329) 240
(3330) 263
(3331) 275
(3332) 265
(3333) 262
(3334) 294
(3335) 250
(3336) 234
(3337) 247
(3338) 246
(3339) 273
(3340) 255
(3341) 247
(3342) 250
(3343) 254
(3344) 239
(3345) 252
(3346) 260
(3347) 235
(3348) 269
(3349) 243
(3350) 270
(3351) 250
(3352) 254
(3353) 271
(3354) 278
(3355) 269
(3356) 262
(3357) 255
(3358) 266
(3359) 245
(3360) 275
(3361) 247
(3362) 254
(3363) 246
(3364) 243
(3365) 275
(3366) 252
(3367) 230
(3368) 275
(3369) 233
(3370) 227
(3371) 251
(3372) 262
(3373) 233
(3374) 222
(3375) 282
(3376) 242
(3377) 259
(3378) 220
(3379) 234
(3380) 244
(3381) 249
(3382) 238
(3383) 281
(3384) 259
(3385) 228
(3386) 249
(3387) 250
(3388) 281
(3389) 243
(3390) 252
(3391) 265
(3392) 303
(3393) 271
(3394) 247
(3395) 257
(3396) 268
(3397) 278
(3398) 237
(3399) 254
(3400) 228
(3401) 255
(3402) 288
(3403) 236
(3404) 230
(3405) 239
(3406) 257
(3407) 269
(3408) 270
(3409) 269
(3410) 280
(3411) 261
(3412) 256
(3413) 270
(3414) 261
(3415) 254
(3416) 219
(3417) 256
(3418) 241
(3419) 281
(3420) 267
(3421) 240
(3422) 258
(3423) 277
(3424) 259
(3425) 267
(3426) 226
(3427) 252
(3428) 254
(3429) 260
(3430) 212
(3431) 255
(3432) 255
(3433) 245
(3434) 259
(3435) 270
(3436) 248
(3437) 249
(3438) 272
(3439) 248
(3440) 266
(3441) 248
(3442) 239
(3443) 262
(3444) 260
(3445) 249
(3446) 228
(3447) 240
(3448) 264
(3449) 232
(3450) 249
(3451) 248
(3452) 266
(3453) 260
(3454) 235
(3455) 243
(3456) 258
(3457) 239
(3458) 266
(3459) 248
(3460) 257
(3461) 237
(3462) 245
(3463) 263
(3464) 257
(3465) 250
(3466) 241
(3467) 243
(3468) 234
(3469) 265
(3470) 257
(3471) 239
(3472) 230
(3473) 212
(3474) 253
(3475) 231
(3476) 275
(3477) 260
(3478) 252
(3479) 267
(3480) 246
(3481) 229
(3482) 244
(3483) 265
(3484) 254
(3485) 261
(3486) 233
(3487) 233
(3488) 262
(3489) 250
(3490) 263
(3491) 257
(3492) 241
(3493) 289
(3494) 237
(3495) 244
(3496) 239
(3497) 245
(3498) 252
(3499) 242
(3500) 253
(3501) 254
(3502) 262
(3503) 278
(3504) 270
(3505) 250
(3506) 280
(3507) 259
(3508) 255
(3509) 249
(3510) 231
(3511) 257
(3512) 267
(3513) 266
(3514) 246
(3515) 252
(3516) 235
(3517) 230
(3518) 237
(3519) 264
(3520) 266
(3521) 232
(3522) 242
(3523) 254
(3524) 252
(3525) 250
(3526) 242
(3527) 241
(3528) 226
(3529) 246
(3530) 245
(3531) 230
(3532) 235
(3533) 253
(3534) 251
(3535) 241
(3536) 239
(3537) 261
(3538) 275
(3539) 229
(3540) 226
(3541) 226
(3542) 227
(3543) 234
(3544) 251
(3545) 238
(3546) 267
(3547) 233
(3548) 243
(3549) 248
(3550) 261
(3551) 253
(3552) 245
(3553) 251
(3554) 258
(3555) 257
(3556) 245
(3557) 228
(3558) 252
(3559) 214
(3560) 292
(3561) 248
(3562) 244
(3563) 225
(3564) 232
(3565) 258
(3566) 240
(3567) 230
(3568) 243
(3569) 235
(3570) 205
(3571) 257
(3572) 253
(3573) 299
(3574) 224
(3575) 236
(3576) 258
(3577) 240
(3578) 236
(3579) 210
(3580) 245
(3581) 233
(3582) 229
(3583) 250
(3584) 246
(3585) 268
(3586) 273
(3587) 259
(3588) 245
(3589) 223
(3590) 260
(3591) 259
(3592) 245
(3593) 249
(3594) 275
(3595) 217
(3596) 258
(3597) 262
(3598) 241
(3599) 260
(3600) 224
(3601) 236
(3602) 258
(3603) 273
(3604) 217
(3605) 270
(3606) 245
(3607) 216
(3608) 234
(3609) 227
(3610) 225
(3611) 245
(3612) 217
(3613) 224
(3614) 256
(3615) 242
(3616) 248
(3617) 251
(3618) 243
(3619) 258
(3620) 221
(3621) 213
(3622) 255
(3623) 252
(3624) 224
(3625) 171
(3626) 249
(3627) 242
(3628) 245
(3629) 240
(3630) 234
(3631) 229
(3632) 220
(3633) 232
(3634) 210
(3635) 235
(3636) 233
(3637) 219
(3638) 230
(3639) 239
(3640) 219
(3641) 242
(3642) 233
(3643) 271
(3644) 252
(3645) 253
(3646) 226
(3647) 244
(3648) 257
(3649) 245
(3650) 248
(3651) 221
(3652) 246
(3653) 226
(3654) 235
(3655) 274
(3656) 228
(3657) 238
(3658) 219
(3659) 275
(3660) 267
(3661) 241
(3662) 238
(3663) 237
(3664) 204
(3665) 228
(3666) 234
(3667) 263
(3668) 242
(3669) 250
(3670) 274
(3671) 256
(3672) 223
(3673) 226
(3674) 245
(3675) 237
(3676) 221
(3677) 235
(3678) 230
(3679) 217
(3680) 239
(3681) 222
(3682) 254
(3683) 240
(3684) 231
(3685) 254
(3686) 226
(3687) 230
(3688) 254
(3689) 232
(3690) 240
(3691) 236
(3692) 253
(3693) 237
(3694) 242
(3695) 232
(3696) 218
(3697) 234
(3698) 224
(3699) 219
(3700) 220
(3701) 261
(3702) 257
(3703) 240
(3704) 215
(3705) 256
(3706) 240
(3707) 256
(3708) 229
(3709) 242
(3710) 213
(3711) 225
(3712) 224
(3713) 230
(3714) 241
(3715) 245
(3716) 237
(3717) 248
(3718) 231
(3719) 255
(3720) 239
(3721) 230
(3722) 237
(3723) 258
(3724) 259
(3725) 250
(3726) 260
(3727) 256
(3728) 251
(3729) 224
(3730) 244
(3731) 230
(3732) 271
(3733) 227
(3734) 242
(3735) 229
(3736) 231
(3737) 248
(3738) 242
(3739) 229
(3740) 211
(3741) 232
(3742) 217
(3743) 264
(3744) 210
(3745) 245
(3746) 219
(3747) 223
(3748) 211
(3749) 247
(3750) 244
(3751) 249
(3752) 230
(3753) 250
(3754) 221
(3755) 228
(3756) 214
(3757) 244
(3758) 242
(3759) 251
(3760) 232
(3761) 238
(3762) 247
(3763) 252
(3764) 253
(3765) 230
(3766) 227
(3767) 233
(3768) 252
(3769) 252
(3770) 235
(3771) 208
(3772) 246
(3773) 203
(3774) 243
(3775) 232
(3776) 245
(3777) 252
(3778) 225
(3779) 219
(3780) 219
(3781) 221
(3782) 232
(3783) 232
(3784) 227
(3785) 256
(3786) 225
(3787) 214
(3788) 224
(3789) 218
(3790) 259
(3791) 224
(3792) 225
(3793) 228
(3794) 209
(3795) 246
(3796) 251
(3797) 235
(3798) 239
(3799) 248
(3800) 230
(3801) 215
(3802) 226
(3803) 238
(3804) 240
(3805) 248
(3806) 258
(3807) 227
(3808) 238
(3809) 220
(3810) 219
(3811) 224
(3812) 247
(3813) 226
(3814) 197
(3815) 221
(3816) 235
(3817) 227
(3818) 227
(3819) 243
(3820) 212
(3821) 225
(3822) 235
(3823) 218
(3824) 243
(3825) 232
(3826) 252
(3827) 217
(3828) 237
(3829) 267
(3830) 242
(3831) 235
(3832) 243
(3833) 237
(3834) 238
(3835) 233
(3836) 226
(3837) 237
(3838) 242
(3839) 225
(3840) 221
(3841) 252
(3842) 231
(3843) 218
(3844) 238
(3845) 219
(3846) 249
(3847) 218
(3848) 225
(3849) 225
(3850) 261
(3851) 202
(3852) 219
(3853) 222
(3854) 232
(3855) 227
(3856) 228
(3857) 226
(3858) 216
(3859) 198
(3860) 206
(3861) 242
(3862) 204
(3863) 238
(3864) 231
(3865) 211
(3866) 202
(3867) 225
(3868) 225
(3869) 216
(3870) 215
(3871) 207
(3872) 201
(3873) 198
(3874) 210
(3875) 187
(3876) 234
(3877) 217
(3878) 201
(3879) 224
(3880) 195
(3881) 196
(3882) 207
(3883) 195
(3884) 224
(3885) 178
(3886) 200
(3887) 202
(3888) 211
(3889) 209
(3890) 196
(3891) 192
(3892) 194
(3893) 199
(3894) 171
(3895) 182
(3896) 221
(3897) 203
(3898) 189
(3899) 205
(3900) 194
(3901) 192
(3902) 202
(3903) 191
(3904) 188
(3905) 187
(3906) 198
(3907) 202
(3908) 194
(3909) 181
(3910) 189
(3911) 161
(3912) 198
(3913) 167
(3914) 193
(3915) 209
(3916) 188
(3917) 176
(3918) 175
(3919) 197
(3920) 169
(3921) 159
(3922) 155
(3923) 165
(3924) 163
(3925) 181
(3926) 180
(3927) 196
(3928) 179
(3929) 167
(3930) 190
(3931) 175
(3932) 187
(3933) 170
(3934) 157
(3935) 152
(3936) 185
(3937) 177
(3938) 203
(3939) 176
(3940) 165
(3941) 161
(3942) 184
(3943) 154
(3944) 173
(3945) 147
(3946) 160
(3947) 168
(3948) 169
(3949) 150
(3950) 178
(3951) 165
(3952) 173
(3953) 166
(3954) 158
(3955) 159
(3956) 164
(3957) 156
(3958) 152
(3959) 166
(3960) 180
(3961) 158
(3962) 137
(3963) 156
(3964) 145
(3965) 151
(3966) 153
(3967) 142
(3968) 174
(3969) 149
(3970) 187
(3971) 148
(3972) 153
(3973) 157
(3974) 140
(3975) 137
(3976) 145
(3977) 148
(3978) 152
(3979) 196
(3980) 152
(3981) 156
(3982) 174
(3983) 122
(3984) 146
(3985) 122
(3986) 161
(3987) 144
(3988) 166
(3989) 139
(3990) 142
(3991) 154
(3992) 147
(3993) 152
(3994) 166
(3995) 123
(3996) 143
(3997) 158
(3998) 139
(3999) 153
(4000) 124
(4001) 132
(4002) 145
(4003) 135
(4004) 138
(4005) 152
(4006) 144
(4007) 140
(4008) 123
(4009) 130
(4010) 135
(4011) 143
(4012) 119
(4013) 150
(4014) 136
(4015) 131
(4016) 112
(4017) 133
(4018) 106
(4019) 103
(4020) 106
(4021) 118
(4022) 124
(4023) 133
(4024) 116
(4025) 118
(4026) 119
(4027) 125
(4028) 97
(4029) 110
(4030) 93
(4031) 114
(4032) 93
(4033) 105
(4034) 110
(4035) 83
(4036) 106
(4037) 94
(4038) 115
(4039) 90
(4040) 102
(4041) 85
(4042) 88
(4043) 98
(4044) 71
(4045) 98
(4046) 89
(4047) 91
(4048) 73
(4049) 83
(4050) 80
(4051) 84
(4052) 65
(4053) 72
(4054) 74
(4055) 75
(4056) 82
(4057) 63
(4058) 71
(4059) 58
(4060) 62
(4061) 63
(4062) 67
(4063) 63
(4064) 54
(4065) 67
(4066) 61
(4067) 57
(4068) 54
(4069) 36
(4070) 48
(4071) 61
(4072) 46
(4073) 65
(4074) 45
(4075) 36
(4076) 50
(4077) 44
(4078) 40
(4079) 40
(4080) 40
(4081) 33
(4082) 30
(4083) 26
(4084) 26
(4085) 34
(4086) 19
(4087) 24
(4088) 20
(4089) 9
(4090) 16
(4091) 11
(4092) 9
(4093) 8
(4094) 6
(-1) -1
