"quadD_16" (4096)
Sun Jun  3 02:23:26 2007
 2
1 long 
("nero.quadrantD.15.energy")
(0 4095) 
--------------------------------------------
(80) 17012
(81) 15955
(82) 14740
(83) 13124
(84) 12318
(85) 11245
(86) 10132
(87) 9046
(88) 7811
(89) 7052
(90) 6120
(91) 5040
(92) 4477
(93) 3743
(94) 3111
(95) 2598
(96) 2182
(97) 1749
(98) 1483
(99) 1260
(100) 993
(101) 864
(102) 647
(103) 579
(104) 469
(105) 373
(106) 275
(107) 224
(108) 176
(109) 133
(110) 122
(111) 110
(112) 56
(113) 62
(114) 34
(115) 32
(116) 33
(117) 20
(118) 17
(119) 9
(120) 14
(121) 5
(122) 10
(123) 6
(124) 4
(125) 3
(126) 7
(127) 5
(128) 4
(129) 3
(130) 5
(131) 2
(132) 2
(133) 1
(134) 1
(135) 1
(136) 1
(137) 1
(138) 1
(139) 3
(140) 3
(141) 2
(142) 1
(143) 1
(144) 1
(146) 2
(148) 2
(149) 3
(150) 4
(151) 1
(152) 1
(154) 2
(155) 1
(156) 2
(157) 2
(158) 2
(159) 1
(160) 1
(161) 1
(163) 2
(164) 4
(165) 1
(166) 2
(167) 1
(169) 3
(170) 3
(171) 2
(172) 2
(173) 2
(174) 3
(175) 3
(176) 4
(178) 3
(179) 1
(180) 4
(181) 2
(182) 1
(183) 1
(184) 1
(185) 2
(186) 4
(188) 4
(189) 7
(190) 3
(191) 6
(192) 5
(193) 2
(194) 1
(195) 2
(196) 4
(197) 1
(198) 3
(199) 3
(200) 1
(201) 1
(202) 1
(203) 2
(204) 3
(207) 1
(208) 1
(209) 2
(210) 1
(211) 3
(213) 4
(214) 4
(215) 1
(216) 1
(217) 2
(218) 4
(219) 6
(220) 2
(221) 4
(222) 4
(223) 2
(224) 3
(226) 2
(227) 5
(228) 4
(229) 4
(230) 3
(231) 2
(232) 2
(233) 3
(234) 5
(235) 2
(236) 4
(237) 2
(239) 5
(240) 3
(241) 4
(242) 2
(243) 5
(244) 2
(245) 3
(246) 2
(247) 5
(248) 7
(249) 6
(250) 2
(252) 2
(253) 5
(254) 6
(255) 2
(256) 5
(257) 2
(258) 3
(259) 3
(260) 4
(261) 1
(263) 3
(264) 5
(265) 2
(266) 7
(267) 1
(269) 4
(270) 5
(271) 4
(273) 1
(274) 7
(275) 2
(276) 2
(277) 2
(278) 4
(279) 1
(280) 2
(281) 5
(282) 5
(283) 4
(284) 1
(285) 1
(286) 4
(287) 5
(288) 5
(289) 6
(290) 5
(291) 2
(292) 1
(293) 3
(294) 3
(295) 3
(296) 3
(297) 3
(298) 3
(299) 4
(300) 7
(301) 4
(302) 5
(303) 3
(304) 5
(305) 7
(306) 8
(307) 5
(308) 5
(309) 5
(310) 3
(311) 3
(312) 7
(313) 4
(314) 2
(315) 10
(316) 4
(317) 2
(318) 3
(319) 2
(320) 6
(321) 5
(322) 3
(323) 6
(324) 4
(325) 10
(326) 11
(327) 5
(328) 5
(329) 9
(330) 8
(331) 7
(332) 9
(333) 5
(334) 5
(335) 5
(336) 5
(337) 3
(338) 4
(339) 3
(340) 10
(341) 5
(342) 5
(343) 10
(344) 7
(345) 9
(346) 9
(347) 7
(348) 6
(349) 6
(350) 6
(351) 8
(352) 3
(353) 3
(354) 7
(355) 5
(356) 11
(357) 5
(358) 10
(359) 5
(360) 9
(361) 7
(362) 8
(363) 4
(364) 12
(365) 10
(366) 7
(367) 5
(368) 10
(369) 8
(370) 3
(371) 9
(372) 8
(373) 11
(374) 13
(375) 11
(376) 16
(377) 11
(378) 11
(379) 4
(380) 10
(381) 14
(382) 9
(383) 6
(384) 16
(385) 7
(386) 11
(387) 10
(388) 10
(389) 16
(390) 5
(391) 13
(392) 10
(393) 9
(394) 21
(395) 17
(396) 16
(397) 19
(398) 14
(399) 11
(400) 26
(401) 21
(402) 15
(403) 24
(404) 21
(405) 27
(406) 22
(407) 28
(408) 30
(409) 25
(410) 20
(411) 23
(412) 29
(413) 31
(414) 24
(415) 25
(416) 31
(417) 27
(418) 36
(419) 32
(420) 38
(421) 41
(422) 36
(423) 34
(424) 33
(425) 46
(426) 33
(427) 27
(428) 37
(429) 42
(430) 46
(431) 49
(432) 34
(433) 44
(434) 42
(435) 45
(436) 38
(437) 36
(438) 40
(439) 42
(440) 53
(441) 51
(442) 61
(443) 49
(444) 55
(445) 49
(446) 43
(447) 50
(448) 43
(449) 52
(450) 47
(451) 46
(452) 48
(453) 44
(454) 45
(455) 48
(456) 42
(457) 58
(458) 48
(459) 39
(460) 42
(461) 48
(462) 39
(463) 35
(464) 49
(465) 36
(466) 46
(467) 46
(468) 41
(469) 53
(470) 33
(471) 40
(472) 45
(473) 45
(474) 39
(475) 32
(476) 43
(477) 31
(478) 42
(479) 40
(480) 32
(481) 35
(482) 34
(483) 38
(484) 35
(485) 41
(486) 31
(487) 39
(488) 38
(489) 48
(490) 50
(491) 47
(492) 45
(493) 42
(494) 37
(495) 26
(496) 31
(497) 41
(498) 35
(499) 35
(500) 34
(501) 37
(502) 46
(503) 36
(504) 28
(505) 39
(506) 37
(507) 33
(508) 44
(509) 30
(510) 36
(511) 36
(512) 37
(513) 32
(514) 36
(515) 32
(516) 39
(517) 41
(518) 37
(519) 32
(520) 31
(521) 33
(522) 33
(523) 30
(524) 39
(525) 31
(526) 26
(527) 26
(528) 33
(529) 30
(530) 32
(531) 34
(532) 28
(533) 32
(534) 28
(535) 27
(536) 26
(537) 28
(538) 30
(539) 32
(540) 18
(541) 26
(542) 29
(543) 30
(544) 18
(545) 22
(546) 31
(547) 30
(548) 32
(549) 28
(550) 26
(551) 29
(552) 22
(553) 27
(554) 31
(555) 23
(556) 22
(557) 34
(558) 12
(559) 19
(560) 32
(561) 20
(562) 22
(563) 20
(564) 16
(565) 19
(566) 22
(567) 21
(568) 22
(569) 14
(570) 13
(571) 16
(572) 10
(573) 11
(574) 27
(575) 29
(576) 18
(577) 20
(578) 23
(579) 19
(580) 27
(581) 19
(582) 17
(583) 16
(584) 12
(585) 20
(586) 8
(587) 15
(588) 19
(589) 17
(590) 19
(591) 13
(592) 22
(593) 14
(594) 19
(595) 14
(596) 19
(597) 9
(598) 13
(599) 18
(600) 10
(601) 10
(602) 12
(603) 13
(604) 8
(605) 17
(606) 7
(607) 11
(608) 10
(609) 13
(610) 9
(611) 10
(612) 5
(613) 7
(614) 1
(615) 6
(616) 3
(617) 5
(618) 9
(619) 8
(620) 6
(621) 5
(622) 1
(623) 2
(624) 3
(625) 4
(626) 4
(627) 7
(628) 3
(629) 4
(630) 4
(631) 5
(632) 7
(633) 3
(634) 3
(635) 1
(636) 5
(637) 3
(638) 5
(639) 6
(640) 1
(641) 1
(642) 1
(643) 1
(644) 2
(645) 3
(646) 2
(647) 1
(649) 2
(650) 2
(652) 2
(653) 1
(654) 1
(655) 1
(656) 1
(657) 1
(658) 2
(659) 1
(660) 1
(662) 1
(665) 2
(666) 1
(668) 2
(669) 2
(671) 1
(672) 2
(673) 1
(674) 1
(675) 2
(676) 2
(677) 1
(679) 2
(682) 4
(684) 3
(687) 1
(690) 1
(691) 3
(693) 2
(694) 1
(695) 2
(696) 2
(697) 1
(699) 2
(700) 2
(702) 1
(704) 2
(705) 1
(706) 1
(707) 1
(708) 1
(709) 1
(711) 1
(712) 1
(713) 1
(717) 2
(718) 2
(719) 2
(720) 1
(721) 1
(722) 1
(723) 1
(724) 1
(728) 1
(733) 2
(734) 1
(735) 1
(757) 1
(776) 1
(785) 1
(787) 1
(822) 1
(872) 1
(876) 1
(1062) 1
(1131) 1
(1226) 1
(1505) 1
(1653) 1
(-1) -1
