"quadD_4" (4096)
Sun Jun  3 02:22:08 2007
 2
1 long 
("nero.quadrantD.3.energy")
(0 4095) 
--------------------------------------------
(80) 14997
(81) 14276
(82) 13184
(83) 12500
(84) 11234
(85) 10447
(86) 9298
(87) 8378
(88) 7532
(89) 6799
(90) 5709
(91) 5051
(92) 4427
(93) 3788
(94) 3292
(95) 2874
(96) 2349
(97) 2058
(98) 1668
(99) 1473
(100) 1253
(101) 1045
(102) 883
(103) 711
(104) 595
(105) 488
(106) 426
(107) 342
(108) 263
(109) 238
(110) 167
(111) 133
(112) 125
(113) 98
(114) 80
(115) 59
(116) 40
(117) 48
(118) 39
(119) 23
(120) 21
(121) 23
(122) 16
(123) 7
(124) 13
(125) 9
(126) 6
(127) 4
(128) 9
(129) 11
(130) 7
(131) 4
(132) 3
(133) 5
(134) 2
(135) 10
(136) 1
(137) 6
(138) 4
(139) 2
(140) 4
(141) 2
(142) 6
(143) 3
(144) 4
(145) 3
(146) 5
(147) 2
(148) 3
(149) 6
(150) 7
(151) 1
(152) 1
(153) 3
(154) 4
(155) 5
(156) 3
(157) 4
(158) 4
(159) 3
(160) 4
(161) 6
(162) 3
(163) 3
(164) 4
(165) 7
(166) 8
(167) 7
(168) 4
(169) 7
(170) 1
(171) 3
(172) 5
(173) 5
(174) 6
(175) 4
(176) 10
(177) 11
(178) 10
(179) 5
(180) 9
(181) 9
(182) 9
(183) 10
(184) 9
(185) 9
(186) 14
(187) 8
(188) 13
(189) 11
(190) 14
(191) 20
(192) 17
(193) 8
(194) 12
(195) 9
(196) 11
(197) 14
(198) 10
(199) 28
(200) 16
(201) 10
(202) 17
(203) 20
(204) 16
(205) 19
(206) 19
(207) 10
(208) 7
(209) 20
(210) 21
(211) 11
(212) 18
(213) 8
(214) 14
(215) 13
(216) 15
(217) 12
(218) 21
(219) 13
(220) 17
(221) 18
(222) 17
(223) 17
(224) 15
(225) 21
(226) 20
(227) 12
(228) 15
(229) 16
(230) 14
(231) 17
(232) 20
(233) 15
(234) 20
(235) 14
(236) 10
(237) 12
(238) 14
(239) 12
(240) 9
(241) 21
(242) 15
(243) 9
(244) 16
(245) 17
(246) 9
(247) 13
(248) 22
(249) 18
(250) 21
(251) 22
(252) 17
(253) 20
(254) 21
(255) 15
(256) 16
(257) 20
(258) 18
(259) 19
(260) 19
(261) 21
(262) 17
(263) 12
(264) 13
(265) 18
(266) 21
(267) 11
(268) 15
(269) 15
(270) 13
(271) 21
(272) 14
(273) 22
(274) 12
(275) 11
(276) 15
(277) 11
(278) 16
(279) 11
(280) 14
(281) 14
(282) 16
(283) 15
(284) 11
(285) 11
(286) 13
(287) 15
(288) 12
(289) 12
(290) 17
(291) 19
(292) 18
(293) 16
(294) 11
(295) 12
(296) 11
(297) 8
(298) 12
(299) 11
(300) 20
(301) 13
(302) 16
(303) 20
(304) 13
(305) 16
(306) 10
(307) 15
(308) 14
(309) 12
(310) 14
(311) 11
(312) 17
(313) 13
(314) 15
(315) 12
(316) 14
(317) 11
(318) 13
(319) 15
(320) 10
(321) 18
(322) 9
(323) 20
(324) 15
(325) 11
(326) 16
(327) 7
(328) 10
(329) 11
(330) 13
(331) 15
(332) 17
(333) 14
(334) 10
(335) 17
(336) 10
(337) 16
(338) 7
(339) 13
(340) 11
(341) 8
(342) 16
(343) 12
(344) 12
(345) 20
(346) 16
(347) 17
(348) 7
(349) 8
(350) 13
(351) 11
(352) 10
(353) 11
(354) 16
(355) 9
(356) 12
(357) 13
(358) 17
(359) 15
(360) 13
(361) 10
(362) 15
(363) 6
(364) 20
(365) 14
(366) 11
(367) 3
(368) 12
(369) 20
(370) 9
(371) 19
(372) 9
(373) 4
(374) 4
(375) 6
(376) 14
(377) 6
(378) 14
(379) 14
(380) 14
(381) 13
(382) 12
(383) 15
(384) 9
(385) 11
(386) 11
(387) 11
(388) 11
(389) 15
(390) 12
(391) 22
(392) 15
(393) 9
(394) 10
(395) 10
(396) 15
(397) 14
(398) 10
(399) 10
(400) 9
(401) 16
(402) 13
(403) 11
(404) 10
(405) 12
(406) 10
(407) 15
(408) 11
(409) 9
(410) 6
(411) 10
(412) 9
(413) 10
(414) 18
(415) 13
(416) 14
(417) 18
(418) 8
(419) 10
(420) 7
(421) 15
(422) 13
(423) 14
(424) 15
(425) 9
(426) 7
(427) 9
(428) 11
(429) 13
(430) 13
(431) 10
(432) 11
(433) 17
(434) 11
(435) 9
(436) 8
(437) 10
(438) 5
(439) 8
(440) 7
(441) 13
(442) 15
(443) 11
(444) 7
(445) 11
(446) 12
(447) 9
(448) 10
(449) 12
(450) 11
(451) 14
(452) 15
(453) 8
(454) 11
(455) 9
(456) 8
(457) 10
(458) 9
(459) 11
(460) 6
(461) 10
(462) 10
(463) 14
(464) 5
(465) 7
(466) 13
(467) 12
(468) 14
(469) 12
(470) 12
(471) 8
(472) 16
(473) 11
(474) 12
(475) 14
(476) 9
(477) 9
(478) 11
(479) 12
(480) 13
(481) 12
(482) 10
(483) 20
(484) 13
(485) 16
(486) 8
(487) 16
(488) 13
(489) 11
(490) 19
(491) 10
(492) 14
(493) 15
(494) 20
(495) 16
(496) 16
(497) 15
(498) 15
(499) 13
(500) 14
(501) 20
(502) 11
(503) 11
(504) 16
(505) 15
(506) 8
(507) 17
(508) 20
(509) 17
(510) 18
(511) 17
(512) 19
(513) 15
(514) 18
(515) 13
(516) 13
(517) 16
(518) 20
(519) 16
(520) 19
(521) 18
(522) 16
(523) 12
(524) 10
(525) 28
(526) 23
(527) 13
(528) 27
(529) 21
(530) 12
(531) 21
(532) 24
(533) 19
(534) 17
(535) 21
(536) 19
(537) 21
(538) 22
(539) 15
(540) 20
(541) 18
(542) 18
(543) 12
(544) 22
(545) 21
(546) 17
(547) 25
(548) 19
(549) 22
(550) 16
(551) 24
(552) 23
(553) 17
(554) 15
(555) 19
(556) 29
(557) 23
(558) 26
(559) 19
(560) 23
(561) 28
(562) 21
(563) 32
(564) 23
(565) 28
(566) 29
(567) 31
(568) 35
(569) 29
(570) 31
(571) 32
(572) 30
(573) 48
(574) 33
(575) 39
(576) 36
(577) 46
(578) 39
(579) 32
(580) 46
(581) 35
(582) 39
(583) 46
(584) 30
(585) 53
(586) 48
(587) 55
(588) 56
(589) 65
(590) 57
(591) 54
(592) 78
(593) 59
(594) 57
(595) 58
(596) 62
(597) 67
(598) 71
(599) 86
(600) 71
(601) 69
(602) 92
(603) 68
(604) 84
(605) 85
(606) 89
(607) 93
(608) 93
(609) 98
(610) 108
(611) 103
(612) 107
(613) 109
(614) 114
(615) 111
(616) 106
(617) 111
(618) 110
(619) 122
(620) 146
(621) 123
(622) 123
(623) 132
(624) 139
(625) 124
(626) 139
(627) 165
(628) 160
(629) 141
(630) 147
(631) 169
(632) 150
(633) 167
(634) 177
(635) 154
(636) 173
(637) 187
(638) 182
(639) 169
(640) 188
(641) 179
(642) 190
(643) 183
(644) 169
(645) 171
(646) 169
(647) 177
(648) 186
(649) 176
(650) 178
(651) 170
(652) 197
(653) 177
(654) 172
(655) 158
(656) 155
(657) 159
(658) 167
(659) 159
(660) 140
(661) 139
(662) 133
(663) 111
(664) 129
(665) 111
(666) 121
(667) 99
(668) 115
(669) 86
(670) 86
(671) 107
(672) 84
(673) 96
(674) 84
(675) 90
(676) 66
(677) 74
(678) 52
(679) 54
(680) 35
(681) 47
(682) 48
(683) 41
(684) 33
(685) 35
(686) 32
(687) 34
(688) 25
(689) 24
(690) 14
(691) 27
(692) 19
(693) 19
(694) 14
(695) 12
(696) 9
(697) 13
(698) 4
(699) 8
(700) 5
(701) 9
(702) 3
(703) 5
(704) 1
(705) 3
(706) 5
(707) 5
(708) 5
(709) 2
(710) 3
(711) 5
(712) 1
(713) 1
(715) 2
(717) 1
(718) 1
(724) 1
(732) 1
(733) 1
(735) 2
(739) 1
(761) 1
(768) 1
(770) 1
(771) 1
(775) 1
(778) 1
(783) 1
(797) 1
(823) 1
(825) 1
(849) 1
(856) 1
(863) 1
(865) 1
(875) 1
(898) 1
(924) 1
(930) 1
(931) 1
(943) 1
(964) 1
(966) 1
(968) 1
(982) 1
(991) 1
(1020) 1
(1041) 1
(1053) 1
(1103) 1
(1117) 1
(1145) 1
(1162) 1
(1171) 1
(1173) 2
(1180) 1
(1190) 1
(1201) 1
(1202) 1
(1236) 1
(1248) 1
(1255) 1
(1319) 1
(1340) 1
(1358) 1
(1421) 1
(1800) 1
(2451) 1
(2886) 1
(3294) 1
(-1) -1
