"quadD_3" (4096)
Sun Jun  3 02:22:03 2007
 2
1 long 
("nero.quadrantD.2.energy")
(0 4095) 
--------------------------------------------
(96) 1114
(97) 923
(98) 733
(99) 591
(100) 450
(101) 346
(102) 300
(103) 216
(104) 161
(105) 156
(106) 104
(107) 86
(108) 73
(109) 52
(110) 39
(111) 29
(112) 29
(113) 18
(114) 11
(115) 7
(116) 9
(117) 8
(118) 9
(119) 5
(120) 11
(121) 5
(122) 5
(123) 3
(124) 3
(125) 4
(126) 3
(127) 5
(128) 7
(129) 1
(131) 1
(132) 2
(133) 4
(134) 1
(136) 1
(138) 4
(139) 2
(140) 4
(142) 2
(143) 2
(144) 2
(147) 2
(148) 2
(149) 1
(151) 1
(152) 2
(153) 2
(154) 1
(155) 1
(156) 5
(157) 7
(158) 2
(159) 7
(160) 4
(161) 4
(162) 9
(163) 7
(164) 9
(165) 9
(166) 6
(167) 12
(168) 14
(169) 10
(170) 9
(171) 15
(172) 10
(173) 12
(174) 12
(175) 11
(176) 16
(177) 14
(178) 16
(179) 24
(180) 23
(181) 22
(182) 16
(183) 14
(184) 21
(185) 19
(186) 17
(187) 19
(188) 12
(189) 16
(190) 19
(191) 19
(192) 17
(193) 20
(194) 24
(195) 29
(196) 23
(197) 21
(198) 23
(199) 26
(200) 15
(201) 17
(202) 16
(203) 24
(204) 19
(205) 24
(206) 14
(207) 22
(208) 25
(209) 19
(210) 19
(211) 20
(212) 20
(213) 22
(214) 23
(215) 21
(216) 32
(217) 19
(218) 23
(219) 18
(220) 22
(221) 20
(222) 22
(223) 15
(224) 14
(225) 18
(226) 17
(227) 17
(228) 20
(229) 18
(230) 26
(231) 18
(232) 17
(233) 12
(234) 17
(235) 15
(236) 24
(237) 19
(238) 15
(239) 20
(240) 17
(241) 20
(242) 23
(243) 19
(244) 20
(245) 17
(246) 16
(247) 21
(248) 19
(249) 19
(250) 15
(251) 16
(252) 13
(253) 21
(254) 15
(255) 15
(256) 23
(257) 13
(258) 16
(259) 23
(260) 12
(261) 23
(262) 17
(263) 16
(264) 14
(265) 19
(266) 15
(267) 20
(268) 25
(269) 21
(270) 22
(271) 12
(272) 16
(273) 14
(274) 19
(275) 22
(276) 12
(277) 8
(278) 19
(279) 14
(280) 18
(281) 17
(282) 25
(283) 22
(284) 15
(285) 17
(286) 20
(287) 21
(288) 14
(289) 15
(290) 13
(291) 11
(292) 21
(293) 18
(294) 19
(295) 17
(296) 12
(297) 20
(298) 18
(299) 11
(300) 7
(301) 16
(302) 11
(303) 18
(304) 19
(305) 12
(306) 15
(307) 13
(308) 12
(309) 17
(310) 21
(311) 9
(312) 14
(313) 12
(314) 18
(315) 14
(316) 18
(317) 9
(318) 13
(319) 17
(320) 16
(321) 9
(322) 10
(323) 14
(324) 16
(325) 15
(326) 15
(327) 15
(328) 16
(329) 20
(330) 17
(331) 15
(332) 16
(333) 18
(334) 9
(335) 17
(336) 10
(337) 20
(338) 20
(339) 14
(340) 15
(341) 20
(342) 8
(343) 11
(344) 18
(345) 8
(346) 10
(347) 18
(348) 10
(349) 17
(350) 7
(351) 12
(352) 12
(353) 10
(354) 8
(355) 20
(356) 12
(357) 18
(358) 15
(359) 11
(360) 9
(361) 11
(362) 18
(363) 17
(364) 11
(365) 11
(366) 10
(367) 11
(368) 9
(369) 17
(370) 16
(371) 13
(372) 13
(373) 12
(374) 8
(375) 17
(376) 11
(377) 13
(378) 17
(379) 19
(380) 11
(381) 15
(382) 13
(383) 7
(384) 15
(385) 11
(386) 12
(387) 16
(388) 14
(389) 8
(390) 13
(391) 16
(392) 11
(393) 15
(394) 12
(395) 11
(396) 10
(397) 13
(398) 10
(399) 16
(400) 11
(401) 16
(402) 19
(403) 10
(404) 13
(405) 11
(406) 15
(407) 13
(408) 11
(409) 13
(410) 14
(411) 11
(412) 13
(413) 12
(414) 10
(415) 17
(416) 16
(417) 19
(418) 17
(419) 20
(420) 12
(421) 15
(422) 15
(423) 16
(424) 11
(425) 22
(426) 13
(427) 11
(428) 13
(429) 13
(430) 19
(431) 13
(432) 18
(433) 11
(434) 11
(435) 18
(436) 20
(437) 14
(438) 21
(439) 24
(440) 22
(441) 24
(442) 17
(443) 15
(444) 13
(445) 22
(446) 21
(447) 15
(448) 19
(449) 20
(450) 22
(451) 16
(452) 21
(453) 20
(454) 18
(455) 14
(456) 22
(457) 23
(458) 22
(459) 28
(460) 25
(461) 11
(462) 23
(463) 22
(464) 18
(465) 16
(466) 21
(467) 25
(468) 22
(469) 23
(470) 17
(471) 19
(472) 22
(473) 17
(474) 18
(475) 19
(476) 27
(477) 24
(478) 18
(479) 25
(480) 30
(481) 21
(482) 19
(483) 30
(484) 40
(485) 33
(486) 29
(487) 27
(488) 34
(489) 37
(490) 35
(491) 35
(492) 29
(493) 27
(494) 30
(495) 28
(496) 42
(497) 44
(498) 35
(499) 35
(500) 35
(501) 41
(502) 43
(503) 46
(504) 43
(505) 47
(506) 58
(507) 51
(508) 46
(509) 44
(510) 52
(511) 48
(512) 55
(513) 53
(514) 53
(515) 56
(516) 56
(517) 69
(518) 54
(519) 58
(520) 72
(521) 95
(522) 66
(523) 72
(524) 81
(525) 81
(526) 80
(527) 72
(528) 82
(529) 100
(530) 88
(531) 103
(532) 82
(533) 102
(534) 117
(535) 114
(536) 100
(537) 108
(538) 103
(539) 109
(540) 127
(541) 119
(542) 130
(543) 135
(544) 122
(545) 141
(546) 136
(547) 120
(548) 128
(549) 141
(550) 129
(551) 142
(552) 127
(553) 144
(554) 162
(555) 142
(556) 155
(557) 148
(558) 156
(559) 140
(560) 174
(561) 161
(562) 162
(563) 180
(564) 182
(565) 156
(566) 188
(567) 193
(568) 183
(569) 196
(570) 193
(571) 199
(572) 174
(573) 177
(574) 174
(575) 168
(576) 171
(577) 174
(578) 163
(579) 184
(580) 180
(581) 159
(582) 168
(583) 165
(584) 170
(585) 176
(586) 164
(587) 134
(588) 131
(589) 149
(590) 150
(591) 137
(592) 110
(593) 125
(594) 108
(595) 121
(596) 120
(597) 123
(598) 102
(599) 99
(600) 75
(601) 91
(602) 76
(603) 78
(604) 70
(605) 54
(606) 58
(607) 60
(608) 48
(609) 47
(610) 53
(611) 33
(612) 32
(613) 30
(614) 32
(615) 36
(616) 36
(617) 22
(618) 17
(619) 19
(620) 17
(621) 11
(622) 15
(623) 14
(624) 13
(625) 14
(626) 5
(627) 5
(628) 7
(629) 4
(630) 6
(631) 3
(632) 2
(633) 4
(634) 6
(635) 1
(636) 4
(637) 1
(638) 1
(639) 3
(640) 5
(642) 1
(644) 2
(645) 1
(647) 1
(648) 1
(649) 1
(650) 1
(656) 1
(659) 2
(662) 1
(664) 1
(667) 1
(676) 1
(679) 1
(681) 1
(684) 1
(686) 1
(688) 1
(692) 1
(693) 1
(703) 1
(705) 1
(706) 1
(710) 2
(717) 1
(728) 1
(730) 1
(734) 1
(744) 1
(746) 1
(748) 2
(763) 1
(765) 2
(772) 1
(775) 1
(776) 1
(777) 1
(783) 1
(788) 1
(789) 1
(790) 2
(791) 1
(805) 1
(820) 1
(872) 1
(873) 1
(875) 1
(890) 1
(897) 1
(909) 1
(928) 1
(944) 1
(970) 1
(978) 1
(980) 1
(985) 1
(999) 1
(1000) 1
(1002) 1
(1020) 1
(1023) 1
(1038) 1
(1043) 1
(1047) 1
(1051) 1
(1066) 1
(1071) 1
(1090) 1
(1094) 1
(1104) 2
(1121) 1
(1125) 1
(1133) 1
(1141) 1
(1193) 1
(1202) 1
(1218) 1
(1253) 1
(1264) 1
(1309) 1
(1338) 1
(1364) 1
(1595) 1
(1801) 1
(1823) 1
(1890) 1
(2091) 1
(3406) 1
(-1) -1
