"quadD_10" (4096)
Sun Jun  3 02:22:50 2007
 2
1 long 
("nero.quadrantD.9.energy")
(0 4095) 
--------------------------------------------
(96) 1138
(97) 896
(98) 766
(99) 610
(100) 479
(101) 383
(102) 312
(103) 231
(104) 176
(105) 141
(106) 123
(107) 91
(108) 67
(109) 60
(110) 32
(111) 27
(112) 33
(113) 25
(114) 11
(115) 14
(116) 6
(117) 9
(118) 13
(119) 2
(120) 7
(121) 6
(122) 4
(123) 2
(124) 4
(125) 3
(126) 4
(128) 2
(129) 2
(130) 1
(131) 3
(133) 1
(134) 1
(136) 4
(138) 4
(140) 3
(141) 1
(142) 1
(143) 3
(144) 1
(145) 3
(146) 1
(147) 1
(148) 2
(149) 2
(150) 3
(151) 5
(152) 4
(153) 2
(154) 2
(155) 1
(157) 1
(158) 4
(159) 3
(160) 5
(161) 7
(162) 4
(163) 1
(164) 1
(165) 3
(166) 2
(167) 3
(169) 5
(170) 5
(171) 4
(172) 3
(173) 4
(174) 6
(175) 3
(176) 3
(177) 3
(178) 5
(179) 5
(180) 5
(181) 5
(182) 5
(183) 2
(184) 4
(185) 9
(186) 3
(187) 10
(188) 3
(189) 8
(190) 5
(191) 1
(192) 4
(193) 4
(194) 4
(195) 7
(196) 3
(197) 3
(198) 5
(199) 3
(200) 6
(201) 3
(202) 4
(203) 5
(204) 4
(205) 3
(206) 6
(207) 3
(208) 7
(209) 3
(210) 6
(211) 5
(212) 8
(213) 4
(214) 3
(215) 6
(216) 3
(217) 3
(218) 2
(219) 8
(220) 3
(221) 2
(222) 5
(223) 4
(224) 6
(225) 4
(226) 5
(227) 3
(228) 3
(229) 5
(230) 4
(231) 3
(232) 4
(233) 3
(234) 5
(235) 6
(236) 4
(237) 7
(238) 7
(239) 4
(240) 2
(241) 2
(242) 3
(243) 9
(244) 3
(245) 2
(246) 4
(247) 6
(248) 2
(249) 2
(250) 4
(251) 4
(252) 4
(253) 3
(254) 6
(255) 3
(256) 4
(257) 9
(258) 4
(259) 4
(260) 4
(261) 3
(262) 3
(263) 5
(264) 9
(265) 8
(266) 3
(267) 4
(268) 4
(269) 6
(270) 5
(271) 4
(272) 9
(273) 6
(274) 7
(275) 6
(276) 6
(277) 4
(278) 5
(279) 4
(280) 4
(281) 3
(282) 6
(283) 9
(284) 7
(285) 4
(286) 8
(287) 6
(288) 3
(289) 5
(290) 6
(291) 3
(292) 9
(293) 3
(294) 2
(295) 9
(296) 8
(297) 6
(298) 4
(299) 7
(300) 8
(301) 13
(302) 7
(303) 5
(304) 11
(305) 4
(306) 4
(307) 3
(308) 11
(309) 9
(310) 9
(311) 8
(312) 10
(313) 8
(314) 9
(315) 9
(316) 3
(317) 7
(318) 8
(319) 9
(320) 17
(321) 8
(322) 6
(323) 8
(324) 8
(325) 10
(326) 4
(327) 3
(328) 8
(329) 5
(330) 7
(331) 9
(332) 7
(333) 4
(334) 9
(335) 5
(336) 10
(337) 9
(338) 9
(339) 12
(340) 11
(341) 5
(342) 11
(343) 5
(344) 13
(345) 10
(346) 9
(347) 10
(348) 12
(349) 12
(350) 10
(351) 9
(352) 6
(353) 7
(354) 12
(355) 19
(356) 8
(357) 7
(358) 4
(359) 8
(360) 7
(361) 13
(362) 12
(363) 9
(364) 10
(365) 11
(366) 17
(367) 11
(368) 11
(369) 18
(370) 14
(371) 8
(372) 10
(373) 10
(374) 18
(375) 20
(376) 16
(377) 9
(378) 21
(379) 15
(380) 19
(381) 6
(382) 13
(383) 20
(384) 12
(385) 13
(386) 17
(387) 18
(388) 22
(389) 25
(390) 13
(391) 13
(392) 23
(393) 21
(394) 19
(395) 20
(396) 30
(397) 27
(398) 26
(399) 20
(400) 33
(401) 24
(402) 22
(403) 21
(404) 29
(405) 23
(406) 36
(407) 35
(408) 33
(409) 39
(410) 41
(411) 38
(412) 44
(413) 33
(414) 29
(415) 49
(416) 45
(417) 58
(418) 51
(419) 58
(420) 51
(421) 56
(422) 62
(423) 65
(424) 62
(425) 50
(426) 60
(427) 62
(428) 56
(429) 52
(430) 65
(431) 73
(432) 61
(433) 64
(434) 51
(435) 76
(436) 65
(437) 79
(438) 74
(439) 87
(440) 71
(441) 90
(442) 74
(443) 79
(444) 101
(445) 73
(446) 64
(447) 80
(448) 62
(449) 62
(450) 80
(451) 68
(452) 72
(453) 53
(454) 68
(455) 72
(456) 74
(457) 73
(458) 60
(459) 61
(460) 58
(461) 63
(462) 60
(463) 75
(464) 82
(465) 77
(466) 57
(467) 68
(468) 59
(469) 64
(470) 59
(471) 69
(472) 57
(473) 70
(474) 63
(475) 63
(476) 74
(477) 75
(478) 69
(479) 56
(480) 65
(481) 55
(482) 62
(483) 52
(484) 63
(485) 63
(486) 57
(487) 65
(488) 67
(489) 71
(490) 49
(491) 46
(492) 69
(493) 49
(494) 52
(495) 66
(496) 51
(497) 48
(498) 58
(499) 66
(500) 54
(501) 52
(502) 47
(503) 47
(504) 66
(505) 52
(506) 55
(507) 48
(508) 64
(509) 41
(510) 48
(511) 58
(512) 63
(513) 48
(514) 53
(515) 51
(516) 58
(517) 64
(518) 60
(519) 47
(520) 58
(521) 52
(522) 50
(523) 52
(524) 42
(525) 56
(526) 56
(527) 55
(528) 62
(529) 46
(530) 52
(531) 52
(532) 50
(533) 46
(534) 49
(535) 47
(536) 35
(537) 46
(538) 47
(539) 36
(540) 43
(541) 40
(542) 43
(543) 44
(544) 48
(545) 47
(546) 46
(547) 39
(548) 45
(549) 57
(550) 43
(551) 31
(552) 27
(553) 30
(554) 33
(555) 40
(556) 41
(557) 35
(558) 31
(559) 41
(560) 34
(561) 49
(562) 29
(563) 27
(564) 31
(565) 28
(566) 42
(567) 35
(568) 28
(569) 31
(570) 33
(571) 27
(572) 42
(573) 28
(574) 30
(575) 30
(576) 34
(577) 41
(578) 27
(579) 30
(580) 26
(581) 25
(582) 31
(583) 30
(584) 28
(585) 27
(586) 27
(587) 21
(588) 20
(589) 29
(590) 27
(591) 22
(592) 13
(593) 18
(594) 22
(595) 25
(596) 27
(597) 19
(598) 12
(599) 21
(600) 19
(601) 25
(602) 9
(603) 20
(604) 11
(605) 27
(606) 23
(607) 11
(608) 20
(609) 17
(610) 22
(611) 5
(612) 13
(613) 16
(614) 11
(615) 19
(616) 12
(617) 1
(618) 11
(619) 16
(620) 8
(621) 6
(622) 12
(623) 8
(624) 7
(625) 10
(626) 10
(627) 5
(628) 6
(629) 5
(630) 6
(631) 3
(632) 4
(633) 1
(634) 8
(635) 7
(637) 6
(638) 4
(639) 6
(640) 1
(641) 4
(643) 2
(644) 3
(645) 1
(646) 2
(647) 1
(648) 2
(650) 1
(651) 3
(652) 1
(653) 5
(654) 2
(655) 1
(657) 1
(658) 2
(659) 1
(660) 3
(661) 4
(663) 2
(664) 2
(665) 3
(666) 3
(667) 2
(668) 4
(669) 1
(670) 1
(671) 6
(672) 1
(673) 1
(674) 3
(675) 1
(676) 1
(677) 2
(678) 2
(679) 4
(680) 2
(682) 1
(683) 3
(684) 3
(685) 2
(686) 1
(688) 1
(689) 2
(690) 1
(691) 1
(692) 1
(693) 2
(694) 2
(695) 1
(697) 2
(698) 4
(699) 1
(700) 2
(701) 1
(702) 2
(704) 3
(705) 3
(706) 1
(707) 1
(708) 4
(709) 1
(711) 3
(713) 2
(715) 2
(717) 1
(718) 4
(719) 3
(722) 1
(723) 1
(724) 1
(725) 1
(726) 1
(727) 1
(728) 1
(730) 1
(731) 2
(733) 1
(737) 1
(739) 1
(740) 1
(755) 1
(802) 2
(831) 1
(837) 1
(846) 1
(860) 1
(872) 1
(882) 1
(888) 1
(895) 1
(916) 1
(929) 1
(931) 1
(951) 1
(1042) 1
(1111) 1
(1154) 1
(1336) 1
(-1) -1
