"quadD_5" (4096)
Sun Jun  3 02:22:12 2007
 2
1 long 
("nero.quadrantD.4.energy")
(0 4095) 
--------------------------------------------
(96) 22017
(97) 22858
(98) 23283
(99) 23314
(100) 22516
(101) 21663
(102) 20138
(103) 18623
(104) 16902
(105) 15691
(106) 14275
(107) 12913
(108) 11826
(109) 10782
(110) 9673
(111) 8719
(112) 7627
(113) 6703
(114) 5780
(115) 4927
(116) 4116
(117) 3556
(118) 2989
(119) 2429
(120) 2052
(121) 1700
(122) 1330
(123) 1103
(124) 982
(125) 767
(126) 647
(127) 489
(128) 387
(129) 311
(130) 250
(131) 194
(132) 173
(133) 103
(134) 115
(135) 73
(136) 62
(137) 49
(138) 44
(139) 31
(140) 21
(141) 21
(142) 9
(143) 10
(144) 10
(145) 10
(146) 5
(147) 4
(148) 5
(149) 8
(150) 4
(151) 2
(152) 3
(153) 2
(154) 5
(155) 8
(156) 2
(157) 5
(158) 7
(159) 1
(160) 3
(161) 5
(162) 5
(163) 4
(164) 4
(165) 3
(166) 2
(167) 2
(168) 2
(169) 3
(170) 1
(171) 4
(172) 2
(173) 4
(174) 4
(175) 3
(176) 6
(178) 4
(180) 2
(181) 6
(182) 2
(183) 5
(184) 6
(185) 5
(186) 11
(187) 8
(188) 4
(189) 7
(190) 1
(191) 9
(192) 6
(193) 5
(194) 3
(195) 9
(196) 5
(197) 3
(198) 5
(199) 8
(200) 6
(201) 5
(202) 7
(203) 10
(204) 8
(205) 7
(206) 7
(207) 11
(208) 9
(209) 5
(210) 14
(211) 10
(212) 9
(213) 8
(214) 9
(215) 14
(216) 16
(217) 15
(218) 13
(219) 20
(220) 20
(221) 15
(222) 14
(223) 21
(224) 19
(225) 15
(226) 15
(227) 11
(228) 21
(229) 15
(230) 15
(231) 21
(232) 23
(233) 11
(234) 20
(235) 16
(236) 24
(237) 11
(238) 12
(239) 16
(240) 16
(241) 20
(242) 15
(243) 20
(244) 18
(245) 15
(246) 18
(247) 14
(248) 16
(249) 18
(250) 10
(251) 12
(252) 11
(253) 17
(254) 16
(255) 18
(256) 13
(257) 16
(258) 19
(259) 11
(260) 11
(261) 14
(262) 15
(263) 16
(264) 19
(265) 18
(266) 15
(267) 12
(268) 19
(269) 14
(270) 23
(271) 13
(272) 15
(273) 15
(274) 16
(275) 16
(276) 13
(277) 17
(278) 12
(279) 12
(280) 14
(281) 13
(282) 13
(283) 16
(284) 14
(285) 17
(286) 19
(287) 14
(288) 15
(289) 11
(290) 5
(291) 20
(292) 18
(293) 16
(294) 12
(295) 16
(296) 14
(297) 16
(298) 15
(299) 16
(300) 16
(301) 9
(302) 17
(303) 17
(304) 8
(305) 18
(306) 11
(307) 11
(308) 12
(309) 24
(310) 16
(311) 12
(312) 9
(313) 12
(314) 12
(315) 12
(316) 14
(317) 8
(318) 8
(319) 10
(320) 11
(321) 12
(322) 15
(323) 17
(324) 15
(325) 11
(326) 15
(327) 15
(328) 15
(329) 9
(330) 11
(331) 10
(332) 13
(333) 16
(334) 13
(335) 10
(336) 20
(337) 13
(338) 11
(339) 6
(340) 12
(341) 8
(342) 16
(343) 17
(344) 14
(345) 10
(346) 6
(347) 9
(348) 14
(349) 7
(350) 11
(351) 13
(352) 16
(353) 10
(354) 12
(355) 11
(356) 8
(357) 17
(358) 12
(359) 13
(360) 19
(361) 16
(362) 5
(363) 14
(364) 11
(365) 16
(366) 13
(367) 7
(368) 10
(369) 17
(370) 13
(371) 6
(372) 7
(373) 13
(374) 16
(375) 8
(376) 15
(377) 10
(378) 12
(379) 7
(380) 12
(381) 9
(382) 17
(383) 13
(384) 14
(385) 16
(386) 8
(387) 9
(388) 17
(389) 8
(390) 22
(391) 10
(392) 13
(393) 17
(394) 5
(395) 15
(396) 7
(397) 12
(398) 18
(399) 15
(400) 15
(401) 11
(402) 11
(403) 14
(404) 18
(405) 10
(406) 10
(407) 8
(408) 11
(409) 9
(410) 12
(411) 13
(412) 9
(413) 10
(414) 7
(415) 14
(416) 7
(417) 5
(418) 10
(419) 12
(420) 16
(421) 14
(422) 10
(423) 11
(424) 11
(425) 12
(426) 9
(427) 10
(428) 10
(429) 10
(430) 11
(431) 12
(432) 11
(433) 9
(434) 8
(435) 11
(436) 13
(437) 10
(438) 10
(439) 7
(440) 9
(441) 5
(442) 8
(443) 11
(444) 8
(445) 4
(446) 10
(447) 8
(448) 2
(449) 10
(450) 11
(451) 10
(452) 12
(453) 11
(454) 10
(455) 17
(456) 10
(457) 8
(458) 10
(459) 10
(460) 16
(461) 10
(462) 6
(463) 9
(464) 14
(465) 11
(466) 11
(467) 12
(468) 10
(469) 11
(470) 16
(471) 11
(472) 14
(473) 10
(474) 8
(475) 12
(476) 6
(477) 10
(478) 9
(479) 12
(480) 11
(481) 9
(482) 15
(483) 10
(484) 14
(485) 20
(486) 12
(487) 8
(488) 9
(489) 10
(490) 15
(491) 7
(492) 9
(493) 13
(494) 5
(495) 12
(496) 13
(497) 10
(498) 21
(499) 14
(500) 11
(501) 17
(502) 15
(503) 16
(504) 12
(505) 19
(506) 20
(507) 17
(508) 13
(509) 10
(510) 16
(511) 10
(512) 19
(513) 18
(514) 20
(515) 11
(516) 17
(517) 22
(518) 11
(519) 11
(520) 18
(521) 22
(522) 14
(523) 16
(524) 16
(525) 12
(526) 18
(527) 15
(528) 14
(529) 16
(530) 14
(531) 21
(532) 17
(533) 17
(534) 16
(535) 21
(536) 14
(537) 13
(538) 12
(539) 20
(540) 17
(541) 22
(542) 20
(543) 16
(544) 10
(545) 21
(546) 12
(547) 24
(548) 16
(549) 22
(550) 27
(551) 20
(552) 19
(553) 26
(554) 23
(555) 26
(556) 20
(557) 27
(558) 27
(559) 28
(560) 27
(561) 30
(562) 20
(563) 27
(564) 18
(565) 36
(566) 23
(567) 35
(568) 42
(569) 39
(570) 25
(571) 33
(572) 40
(573) 35
(574) 35
(575) 28
(576) 38
(577) 38
(578) 35
(579) 39
(580) 45
(581) 47
(582) 46
(583) 49
(584) 53
(585) 52
(586) 50
(587) 57
(588) 64
(589) 48
(590) 66
(591) 67
(592) 65
(593) 62
(594) 69
(595) 71
(596) 71
(597) 89
(598) 75
(599) 85
(600) 90
(601) 89
(602) 81
(603) 94
(604) 95
(605) 112
(606) 85
(607) 104
(608) 105
(609) 89
(610) 118
(611) 117
(612) 121
(613) 113
(614) 132
(615) 122
(616) 127
(617) 134
(618) 137
(619) 129
(620) 142
(621) 126
(622) 126
(623) 136
(624) 143
(625) 143
(626) 153
(627) 175
(628) 134
(629) 148
(630) 145
(631) 152
(632) 175
(633) 146
(634) 170
(635) 193
(636) 157
(637) 172
(638) 153
(639) 163
(640) 173
(641) 199
(642) 185
(643) 166
(644) 160
(645) 153
(646) 174
(647) 159
(648) 155
(649) 163
(650) 154
(651) 137
(652) 166
(653) 124
(654) 127
(655) 120
(656) 128
(657) 119
(658) 108
(659) 108
(660) 97
(661) 104
(662) 78
(663) 96
(664) 73
(665) 78
(666) 66
(667) 60
(668) 47
(669) 50
(670) 57
(671) 44
(672) 46
(673) 38
(674) 33
(675) 24
(676) 33
(677) 20
(678) 27
(679) 16
(680) 24
(681) 13
(682) 17
(683) 5
(684) 11
(685) 8
(686) 12
(687) 6
(688) 3
(689) 8
(690) 3
(691) 6
(692) 5
(693) 1
(694) 2
(695) 1
(696) 1
(697) 1
(698) 1
(699) 1
(700) 1
(702) 1
(704) 1
(705) 1
(706) 1
(709) 1
(712) 1
(714) 1
(716) 1
(723) 1
(730) 1
(738) 1
(739) 1
(743) 1
(749) 1
(773) 1
(790) 1
(801) 1
(808) 1
(814) 1
(833) 1
(843) 1
(848) 1
(853) 1
(863) 1
(865) 1
(868) 1
(871) 1
(896) 1
(898) 1
(941) 1
(949) 1
(953) 1
(1002) 1
(1010) 1
(1023) 1
(1038) 1
(1055) 1
(1061) 1
(1062) 1
(1071) 1
(1077) 1
(1095) 1
(1109) 1
(1120) 1
(1135) 1
(1143) 1
(1158) 1
(1161) 1
(1185) 1
(1240) 1
(1248) 1
(1274) 1
(1308) 1
(1338) 1
(1439) 1
(1451) 1
(1478) 1
(1634) 1
(1736) 1
(1823) 1
(2038) 1
(2278) 1
(2411) 1
(2666) 1
(2828) 1
(3811) 1
(-1) -1
