"quadD_12" (4096)
Sun Jun  3 02:23:04 2007
 2
1 long 
("nero.quadrantD.11.energy")
(0 4095) 
--------------------------------------------
(96) 2388
(97) 1948
(98) 1652
(99) 1323
(100) 1071
(101) 875
(102) 680
(103) 546
(104) 466
(105) 359
(106) 261
(107) 198
(108) 162
(109) 122
(110) 107
(111) 83
(112) 63
(113) 43
(114) 26
(115) 38
(116) 21
(117) 13
(118) 14
(119) 9
(120) 9
(121) 6
(122) 7
(123) 11
(124) 7
(125) 5
(126) 4
(127) 3
(128) 4
(129) 3
(130) 3
(131) 3
(132) 2
(133) 2
(134) 2
(135) 3
(136) 5
(137) 4
(138) 2
(139) 3
(140) 2
(141) 2
(142) 2
(143) 2
(144) 1
(145) 4
(146) 3
(147) 4
(148) 1
(149) 1
(150) 1
(151) 2
(152) 3
(154) 1
(155) 1
(156) 2
(157) 2
(158) 1
(159) 6
(160) 1
(161) 7
(162) 1
(163) 2
(164) 2
(165) 3
(166) 4
(167) 3
(168) 4
(169) 3
(170) 5
(171) 4
(172) 4
(173) 1
(174) 2
(175) 6
(176) 1
(177) 1
(178) 3
(179) 1
(180) 4
(182) 5
(183) 6
(184) 4
(185) 4
(186) 4
(187) 7
(188) 2
(189) 7
(190) 2
(191) 7
(192) 4
(193) 3
(194) 3
(195) 2
(196) 5
(197) 5
(198) 1
(199) 4
(200) 6
(201) 5
(203) 1
(206) 3
(207) 3
(208) 5
(209) 5
(210) 7
(211) 6
(212) 7
(213) 5
(214) 5
(215) 2
(216) 2
(217) 2
(218) 3
(219) 4
(220) 4
(221) 2
(222) 4
(223) 5
(224) 3
(225) 4
(226) 2
(227) 5
(228) 2
(229) 4
(230) 6
(231) 3
(232) 6
(233) 2
(234) 3
(235) 4
(236) 3
(237) 1
(238) 5
(239) 5
(240) 4
(241) 1
(242) 3
(243) 4
(245) 1
(246) 4
(247) 5
(248) 2
(249) 5
(250) 9
(251) 3
(252) 6
(253) 3
(254) 2
(255) 3
(256) 3
(257) 4
(258) 5
(259) 4
(260) 4
(261) 1
(262) 2
(263) 4
(264) 5
(265) 4
(266) 4
(267) 5
(268) 2
(269) 2
(270) 4
(271) 6
(272) 7
(273) 7
(274) 3
(275) 10
(276) 10
(277) 7
(278) 3
(279) 4
(280) 4
(281) 8
(282) 5
(283) 5
(284) 5
(285) 9
(286) 6
(287) 2
(288) 5
(289) 7
(290) 4
(291) 1
(292) 8
(293) 6
(294) 8
(295) 7
(296) 6
(297) 6
(298) 7
(299) 6
(300) 10
(301) 7
(302) 6
(303) 12
(304) 7
(305) 6
(306) 8
(307) 2
(308) 9
(309) 5
(310) 5
(311) 3
(312) 4
(313) 10
(314) 9
(315) 5
(316) 5
(317) 8
(318) 8
(319) 8
(320) 4
(321) 6
(322) 11
(323) 4
(324) 5
(325) 5
(326) 11
(327) 7
(328) 8
(329) 8
(330) 3
(331) 8
(332) 9
(333) 10
(334) 4
(335) 11
(336) 10
(337) 12
(338) 11
(339) 11
(340) 10
(341) 9
(342) 12
(343) 17
(344) 8
(345) 9
(346) 14
(347) 11
(348) 11
(349) 13
(350) 12
(351) 11
(352) 13
(353) 8
(354) 11
(355) 14
(356) 10
(357) 4
(358) 7
(359) 13
(360) 6
(361) 10
(362) 7
(363) 17
(364) 15
(365) 14
(366) 12
(367) 14
(368) 26
(369) 12
(370) 21
(371) 10
(372) 18
(373) 24
(374) 15
(375) 13
(376) 25
(377) 17
(378) 19
(379) 23
(380) 24
(381) 20
(382) 18
(383) 31
(384) 27
(385) 27
(386) 25
(387) 26
(388) 42
(389) 27
(390) 30
(391) 39
(392) 34
(393) 25
(394) 27
(395) 38
(396) 41
(397) 39
(398) 37
(399) 34
(400) 55
(401) 36
(402) 42
(403) 49
(404) 43
(405) 48
(406) 60
(407) 47
(408) 52
(409) 56
(410) 50
(411) 58
(412) 40
(413) 51
(414) 64
(415) 57
(416) 59
(417) 56
(418) 55
(419) 57
(420) 65
(421) 51
(422) 51
(423) 46
(424) 51
(425) 44
(426) 49
(427) 69
(428) 49
(429) 60
(430) 61
(431) 46
(432) 56
(433) 57
(434) 56
(435) 58
(436) 60
(437) 54
(438) 56
(439) 44
(440) 61
(441) 50
(442) 44
(443) 53
(444) 46
(445) 44
(446) 45
(447) 41
(448) 51
(449) 70
(450) 51
(451) 57
(452) 53
(453) 50
(454) 60
(455) 48
(456) 41
(457) 55
(458) 47
(459) 49
(460) 47
(461) 58
(462) 53
(463) 51
(464) 68
(465) 44
(466) 44
(467) 43
(468) 43
(469) 39
(470) 43
(471) 51
(472) 43
(473) 58
(474) 52
(475) 46
(476) 48
(477) 39
(478) 46
(479) 48
(480) 33
(481) 47
(482) 31
(483) 43
(484) 49
(485) 45
(486) 39
(487) 43
(488) 47
(489) 40
(490) 39
(491) 37
(492) 44
(493) 45
(494) 36
(495) 39
(496) 44
(497) 45
(498) 47
(499) 41
(500) 48
(501) 45
(502) 31
(503) 47
(504) 42
(505) 36
(506) 30
(507) 33
(508) 47
(509) 28
(510) 38
(511) 48
(512) 40
(513) 39
(514) 30
(515) 34
(516) 34
(517) 24
(518) 23
(519) 28
(520) 39
(521) 27
(522) 33
(523) 32
(524) 46
(525) 25
(526) 29
(527) 36
(528) 37
(529) 28
(530) 23
(531) 31
(532) 33
(533) 26
(534) 22
(535) 30
(536) 27
(537) 25
(538) 31
(539) 17
(540) 23
(541) 26
(542) 16
(543) 24
(544) 24
(545) 31
(546) 22
(547) 17
(548) 19
(549) 21
(550) 27
(551) 15
(552) 24
(553) 15
(554) 31
(555) 20
(556) 22
(557) 21
(558) 11
(559) 23
(560) 20
(561) 18
(562) 20
(563) 12
(564) 19
(565) 21
(566) 15
(567) 14
(568) 20
(569) 12
(570) 16
(571) 10
(572) 10
(573) 10
(574) 20
(575) 19
(576) 10
(577) 10
(578) 10
(579) 10
(580) 11
(581) 9
(582) 6
(583) 13
(584) 8
(585) 7
(586) 7
(587) 12
(588) 8
(589) 6
(590) 9
(591) 5
(592) 5
(593) 4
(594) 10
(595) 3
(596) 3
(597) 3
(598) 8
(599) 6
(600) 1
(601) 2
(602) 6
(603) 2
(604) 3
(605) 2
(606) 2
(607) 3
(608) 2
(609) 3
(610) 1
(612) 2
(613) 1
(614) 3
(615) 2
(618) 3
(619) 2
(620) 2
(621) 2
(622) 3
(623) 2
(624) 3
(625) 1
(626) 1
(627) 2
(628) 2
(629) 1
(631) 4
(632) 3
(633) 1
(634) 3
(635) 1
(636) 1
(638) 2
(639) 3
(640) 3
(641) 2
(642) 3
(643) 2
(644) 1
(645) 2
(646) 1
(647) 4
(649) 1
(650) 1
(651) 2
(652) 1
(653) 1
(654) 2
(661) 1
(662) 4
(664) 1
(665) 2
(668) 2
(669) 1
(670) 2
(673) 1
(675) 3
(678) 1
(680) 3
(681) 2
(684) 1
(685) 1
(688) 4
(689) 1
(693) 1
(694) 1
(696) 2
(698) 2
(699) 2
(702) 2
(704) 1
(746) 1
(765) 1
(799) 1
(826) 1
(871) 1
(886) 1
(890) 1
(909) 1
(925) 1
(945) 1
(970) 1
(978) 1
(1190) 1
(1392) 1
(-1) -1
