"quadD_7" (4096)
Sun Jun  3 02:22:23 2007
 2
1 long 
("nero.quadrantD.6.energy")
(0 4095) 
--------------------------------------------
(96) 12870
(97) 11291
(98) 9829
(99) 8484
(100) 7392
(101) 6343
(102) 5242
(103) 4458
(104) 3703
(105) 2953
(106) 2368
(107) 1939
(108) 1566
(109) 1282
(110) 960
(111) 790
(112) 574
(113) 438
(114) 341
(115) 283
(116) 195
(117) 153
(118) 105
(119) 95
(120) 67
(121) 43
(122) 43
(123) 37
(124) 19
(125) 14
(126) 11
(127) 12
(128) 4
(129) 9
(130) 6
(131) 3
(132) 3
(133) 4
(134) 2
(135) 5
(136) 2
(137) 4
(139) 2
(140) 1
(141) 2
(142) 1
(143) 2
(144) 2
(145) 1
(146) 1
(147) 4
(148) 4
(149) 4
(150) 2
(151) 4
(152) 3
(153) 1
(154) 6
(155) 2
(156) 3
(157) 4
(158) 4
(159) 6
(160) 3
(161) 3
(162) 6
(163) 3
(164) 8
(165) 4
(166) 4
(167) 6
(168) 2
(169) 3
(170) 4
(171) 6
(172) 6
(173) 6
(174) 4
(175) 10
(176) 8
(177) 4
(178) 3
(179) 7
(180) 6
(181) 6
(182) 7
(183) 7
(184) 5
(185) 7
(186) 11
(187) 8
(188) 4
(189) 6
(190) 10
(191) 4
(192) 6
(193) 11
(194) 5
(195) 9
(196) 9
(197) 7
(198) 3
(199) 7
(200) 7
(201) 8
(202) 6
(203) 7
(204) 5
(205) 4
(206) 6
(207) 4
(208) 4
(209) 5
(210) 7
(211) 6
(212) 8
(213) 6
(214) 7
(215) 7
(216) 6
(217) 4
(218) 5
(219) 9
(220) 4
(221) 6
(222) 7
(223) 4
(224) 6
(225) 5
(226) 8
(227) 6
(228) 5
(229) 6
(230) 7
(231) 3
(232) 8
(233) 7
(234) 5
(235) 7
(236) 4
(237) 8
(238) 6
(239) 6
(240) 7
(241) 6
(242) 12
(243) 11
(244) 8
(245) 2
(246) 11
(247) 6
(248) 9
(249) 12
(250) 6
(251) 8
(252) 9
(253) 5
(254) 3
(255) 8
(256) 11
(257) 15
(258) 7
(259) 3
(260) 7
(261) 4
(262) 8
(263) 7
(264) 7
(265) 8
(266) 12
(267) 6
(268) 9
(269) 9
(270) 14
(271) 14
(272) 12
(273) 8
(274) 7
(275) 7
(276) 5
(277) 7
(278) 14
(279) 8
(280) 7
(281) 10
(282) 10
(283) 11
(284) 12
(285) 15
(286) 13
(287) 7
(288) 11
(289) 7
(290) 13
(291) 9
(292) 14
(293) 9
(294) 21
(295) 12
(296) 8
(297) 17
(298) 15
(299) 12
(300) 17
(301) 19
(302) 10
(303) 5
(304) 14
(305) 12
(306) 19
(307) 18
(308) 8
(309) 13
(310) 15
(311) 9
(312) 16
(313) 9
(314) 18
(315) 13
(316) 22
(317) 16
(318) 13
(319) 14
(320) 18
(321) 17
(322) 12
(323) 11
(324) 12
(325) 13
(326) 14
(327) 17
(328) 10
(329) 12
(330) 19
(331) 18
(332) 14
(333) 16
(334) 15
(335) 14
(336) 21
(337) 20
(338) 24
(339) 16
(340) 18
(341) 21
(342) 20
(343) 26
(344) 25
(345) 17
(346) 26
(347) 21
(348) 27
(349) 31
(350) 21
(351) 25
(352) 28
(353) 31
(354) 22
(355) 24
(356) 41
(357) 40
(358) 33
(359) 28
(360) 42
(361) 48
(362) 36
(363) 45
(364) 36
(365) 54
(366) 47
(367) 56
(368) 46
(369) 67
(370) 44
(371) 53
(372) 64
(373) 69
(374) 54
(375) 63
(376) 69
(377) 63
(378) 81
(379) 69
(380) 94
(381) 96
(382) 91
(383) 86
(384) 106
(385) 98
(386) 95
(387) 103
(388) 98
(389) 98
(390) 105
(391) 104
(392) 97
(393) 103
(394) 108
(395) 120
(396) 114
(397) 96
(398) 96
(399) 92
(400) 103
(401) 116
(402) 94
(403) 98
(404) 93
(405) 94
(406) 103
(407) 110
(408) 97
(409) 101
(410) 95
(411) 105
(412) 107
(413) 99
(414) 96
(415) 93
(416) 83
(417) 88
(418) 98
(419) 98
(420) 83
(421) 93
(422) 96
(423) 104
(424) 108
(425) 100
(426) 108
(427) 81
(428) 96
(429) 85
(430) 89
(431) 85
(432) 99
(433) 97
(434) 89
(435) 93
(436) 83
(437) 79
(438) 104
(439) 90
(440) 92
(441) 73
(442) 98
(443) 95
(444) 89
(445) 83
(446) 87
(447) 87
(448) 73
(449) 76
(450) 80
(451) 76
(452) 86
(453) 70
(454) 70
(455) 74
(456) 73
(457) 76
(458) 70
(459) 76
(460) 71
(461) 54
(462) 69
(463) 72
(464) 84
(465) 68
(466) 78
(467) 76
(468) 65
(469) 62
(470) 69
(471) 64
(472) 71
(473) 76
(474) 59
(475) 57
(476) 79
(477) 58
(478) 67
(479) 63
(480) 54
(481) 58
(482) 52
(483) 61
(484) 58
(485) 67
(486) 67
(487) 47
(488) 48
(489) 58
(490) 71
(491) 64
(492) 53
(493) 54
(494) 53
(495) 45
(496) 42
(497) 52
(498) 54
(499) 56
(500) 58
(501) 41
(502) 42
(503) 69
(504) 43
(505) 41
(506) 47
(507) 46
(508) 43
(509) 52
(510) 53
(511) 30
(512) 47
(513) 47
(514) 46
(515) 32
(516) 37
(517) 39
(518) 42
(519) 30
(520) 30
(521) 42
(522) 36
(523) 22
(524) 35
(525) 36
(526) 22
(527) 25
(528) 30
(529) 28
(530) 30
(531) 28
(532) 26
(533) 33
(534) 23
(535) 22
(536) 29
(537) 27
(538) 33
(539) 27
(540) 28
(541) 23
(542) 20
(543) 27
(544) 20
(545) 16
(546) 16
(547) 26
(548) 13
(549) 17
(550) 13
(551) 15
(552) 15
(553) 14
(554) 8
(555) 9
(556) 6
(557) 11
(558) 9
(559) 10
(560) 7
(561) 8
(562) 10
(563) 5
(564) 2
(565) 9
(566) 6
(567) 9
(568) 6
(569) 5
(570) 5
(571) 2
(572) 4
(573) 6
(574) 2
(575) 2
(576) 6
(577) 4
(579) 1
(580) 1
(581) 6
(583) 4
(584) 3
(585) 1
(586) 1
(587) 4
(588) 4
(590) 1
(591) 3
(592) 2
(593) 2
(594) 3
(596) 3
(597) 2
(598) 5
(599) 2
(601) 2
(602) 3
(603) 3
(604) 3
(605) 2
(606) 2
(607) 1
(608) 1
(609) 1
(610) 1
(611) 2
(612) 4
(614) 2
(616) 1
(617) 2
(618) 2
(619) 1
(620) 2
(621) 2
(622) 2
(623) 4
(624) 2
(626) 1
(627) 2
(629) 1
(630) 1
(633) 2
(634) 2
(635) 1
(636) 2
(637) 2
(638) 1
(639) 2
(643) 2
(645) 3
(646) 1
(647) 4
(648) 2
(649) 1
(650) 4
(658) 2
(660) 1
(662) 1
(664) 1
(667) 1
(668) 1
(675) 1
(679) 1
(697) 1
(706) 1
(723) 1
(782) 1
(803) 1
(852) 1
(876) 1
(898) 1
(906) 1
(1008) 1
(1017) 1
(1037) 1
(1075) 1
(1086) 1
(1131) 1
(1255) 1
(1329) 1
(1866) 1
(-1) -1
