"quadD_6" (4096)
Sun Jun  3 02:22:18 2007
 2
1 long 
("nero.quadrantD.5.energy")
(0 4095) 
--------------------------------------------
(80) 10701
(81) 12496
(82) 14651
(83) 16802
(84) 18929
(85) 21261
(86) 22547
(87) 23921
(88) 24684
(89) 24780
(90) 24325
(91) 23656
(92) 22199
(93) 20480
(94) 18829
(95) 16752
(96) 15209
(97) 13818
(98) 12486
(99) 11190
(100) 10003
(101) 8894
(102) 7743
(103) 6543
(104) 5651
(105) 4812
(106) 4090
(107) 3371
(108) 2707
(109) 2120
(110) 1799
(111) 1510
(112) 1214
(113) 960
(114) 768
(115) 634
(116) 479
(117) 386
(118) 303
(119) 228
(120) 166
(121) 142
(122) 101
(123) 87
(124) 79
(125) 51
(126) 32
(127) 38
(128) 25
(129) 22
(130) 11
(131) 9
(132) 11
(133) 8
(134) 4
(135) 4
(136) 5
(137) 4
(138) 2
(139) 6
(140) 3
(141) 2
(142) 4
(143) 2
(145) 1
(146) 2
(147) 1
(148) 1
(150) 3
(151) 1
(152) 2
(154) 3
(155) 2
(156) 2
(157) 6
(158) 3
(160) 1
(161) 2
(162) 1
(163) 3
(164) 4
(165) 9
(166) 6
(167) 3
(168) 3
(169) 1
(170) 1
(171) 3
(172) 6
(173) 7
(174) 4
(175) 3
(176) 6
(177) 2
(178) 3
(179) 4
(180) 5
(181) 5
(182) 1
(183) 5
(184) 5
(185) 2
(186) 3
(187) 4
(188) 10
(189) 7
(190) 5
(191) 4
(192) 2
(193) 4
(194) 5
(195) 7
(196) 8
(197) 8
(198) 7
(199) 5
(200) 4
(201) 7
(202) 7
(203) 8
(204) 7
(205) 2
(206) 4
(207) 6
(208) 8
(209) 11
(210) 2
(211) 4
(212) 5
(213) 8
(214) 6
(215) 4
(216) 5
(217) 6
(218) 3
(219) 5
(220) 7
(221) 7
(222) 7
(223) 4
(224) 7
(225) 6
(226) 6
(227) 8
(228) 8
(229) 5
(230) 5
(231) 7
(232) 11
(233) 6
(234) 4
(235) 3
(236) 6
(237) 2
(238) 4
(239) 3
(240) 9
(241) 4
(242) 5
(243) 1
(244) 4
(245) 6
(246) 10
(247) 5
(248) 4
(249) 2
(250) 7
(251) 7
(252) 4
(253) 4
(254) 7
(255) 8
(256) 5
(258) 8
(259) 5
(260) 7
(261) 2
(262) 6
(263) 3
(264) 4
(265) 4
(266) 7
(267) 8
(268) 9
(269) 5
(270) 7
(271) 4
(272) 4
(273) 2
(274) 9
(275) 7
(276) 7
(277) 4
(278) 10
(279) 9
(280) 9
(281) 4
(282) 11
(283) 5
(284) 6
(285) 7
(286) 5
(287) 2
(288) 6
(289) 5
(290) 6
(291) 8
(292) 9
(293) 12
(294) 6
(295) 9
(296) 8
(297) 14
(298) 6
(299) 6
(300) 10
(301) 12
(302) 6
(303) 11
(304) 9
(305) 7
(306) 8
(307) 11
(308) 10
(309) 6
(310) 8
(311) 10
(312) 11
(313) 5
(314) 4
(315) 8
(316) 13
(317) 6
(318) 9
(319) 12
(320) 13
(321) 7
(322) 12
(323) 8
(324) 7
(325) 11
(326) 13
(327) 7
(328) 12
(329) 18
(330) 4
(331) 6
(332) 12
(333) 4
(334) 9
(335) 12
(336) 6
(337) 7
(338) 4
(339) 12
(340) 9
(341) 9
(342) 8
(343) 13
(344) 14
(345) 11
(346) 11
(347) 10
(348) 14
(349) 14
(350) 9
(351) 13
(352) 12
(353) 9
(354) 24
(355) 14
(356) 12
(357) 15
(358) 10
(359) 17
(360) 10
(361) 21
(362) 13
(363) 16
(364) 11
(365) 16
(366) 17
(367) 10
(368) 17
(369) 11
(370) 14
(371) 11
(372) 13
(373) 15
(374) 15
(375) 23
(376) 20
(377) 19
(378) 25
(379) 23
(380) 21
(381) 24
(382) 26
(383) 17
(384) 20
(385) 22
(386) 26
(387) 23
(388) 27
(389) 29
(390) 23
(391) 23
(392) 17
(393) 32
(394) 27
(395) 34
(396) 30
(397) 32
(398) 43
(399) 29
(400) 42
(401) 47
(402) 37
(403) 39
(404) 41
(405) 41
(406) 39
(407) 34
(408) 42
(409) 53
(410) 55
(411) 70
(412) 50
(413) 69
(414) 55
(415) 70
(416) 73
(417) 62
(418) 59
(419) 71
(420) 62
(421) 75
(422) 65
(423) 67
(424) 87
(425) 79
(426) 70
(427) 71
(428) 87
(429) 84
(430) 85
(431) 77
(432) 88
(433) 81
(434) 70
(435) 74
(436) 96
(437) 104
(438) 74
(439) 91
(440) 101
(441) 76
(442) 89
(443) 91
(444) 81
(445) 68
(446) 81
(447) 98
(448) 91
(449) 86
(450) 86
(451) 88
(452) 81
(453) 79
(454) 81
(455) 101
(456) 86
(457) 93
(458) 96
(459) 94
(460) 87
(461) 100
(462) 86
(463) 79
(464) 74
(465) 72
(466) 95
(467) 81
(468) 73
(469) 80
(470) 83
(471) 70
(472) 71
(473) 89
(474) 79
(475) 74
(476) 89
(477) 73
(478) 71
(479) 86
(480) 86
(481) 75
(482) 77
(483) 77
(484) 88
(485) 71
(486) 68
(487) 83
(488) 79
(489) 47
(490) 74
(491) 72
(492) 65
(493) 65
(494) 71
(495) 73
(496) 82
(497) 59
(498) 67
(499) 74
(500) 63
(501) 59
(502) 77
(503) 60
(504) 60
(505) 67
(506) 81
(507) 60
(508) 58
(509) 85
(510) 69
(511) 50
(512) 63
(513) 70
(514) 61
(515) 58
(516) 71
(517) 54
(518) 65
(519) 67
(520) 67
(521) 51
(522) 54
(523) 75
(524) 55
(525) 43
(526) 55
(527) 57
(528) 55
(529) 56
(530) 64
(531) 52
(532) 62
(533) 65
(534) 61
(535) 45
(536) 46
(537) 42
(538) 56
(539) 49
(540) 59
(541) 55
(542) 40
(543) 47
(544) 41
(545) 59
(546) 50
(547) 51
(548) 53
(549) 44
(550) 51
(551) 45
(552) 38
(553) 37
(554) 42
(555) 52
(556) 47
(557) 55
(558) 37
(559) 42
(560) 40
(561) 29
(562) 46
(563) 29
(564) 40
(565) 43
(566) 31
(567) 39
(568) 31
(569) 38
(570) 29
(571) 37
(572) 25
(573) 36
(574) 34
(575) 44
(576) 31
(577) 39
(578) 43
(579) 40
(580) 28
(581) 34
(582) 33
(583) 34
(584) 30
(585) 18
(586) 31
(587) 21
(588) 26
(589) 35
(590) 29
(591) 20
(592) 39
(593) 31
(594) 23
(595) 24
(596) 31
(597) 23
(598) 21
(599) 25
(600) 21
(601) 15
(602) 22
(603) 18
(604) 21
(605) 15
(606) 24
(607) 20
(608) 21
(609) 19
(610) 20
(611) 22
(612) 15
(613) 8
(614) 14
(615) 10
(616) 9
(617) 15
(618) 3
(619) 10
(620) 6
(621) 5
(622) 9
(623) 11
(624) 8
(625) 8
(626) 9
(627) 11
(628) 4
(629) 2
(630) 7
(631) 9
(632) 8
(633) 8
(634) 1
(636) 6
(637) 5
(638) 2
(639) 5
(640) 5
(641) 4
(642) 3
(643) 3
(644) 4
(645) 4
(646) 2
(647) 3
(648) 3
(649) 2
(650) 2
(651) 6
(652) 2
(653) 3
(654) 1
(655) 1
(656) 2
(657) 1
(658) 6
(659) 2
(660) 2
(661) 2
(662) 3
(663) 2
(664) 3
(665) 5
(667) 5
(668) 5
(669) 4
(670) 2
(672) 1
(673) 3
(674) 4
(675) 3
(676) 1
(677) 2
(678) 1
(679) 2
(680) 5
(681) 2
(682) 4
(683) 1
(684) 1
(685) 5
(686) 1
(687) 1
(689) 5
(690) 1
(694) 3
(695) 1
(697) 1
(700) 1
(701) 1
(703) 1
(704) 1
(705) 5
(706) 2
(707) 1
(708) 1
(710) 2
(711) 2
(714) 3
(715) 1
(716) 2
(717) 2
(718) 2
(719) 4
(721) 2
(724) 4
(725) 1
(730) 2
(732) 1
(736) 1
(737) 1
(747) 1
(765) 1
(766) 1
(768) 1
(782) 1
(784) 1
(802) 1
(826) 1
(828) 1
(847) 1
(848) 1
(860) 1
(900) 1
(928) 1
(931) 1
(941) 1
(953) 1
(971) 1
(980) 1
(995) 1
(1002) 1
(1011) 1
(1021) 1
(1031) 1
(1032) 1
(1061) 1
(1335) 1
(1506) 1
(1542) 1
(-1) -1
