"quadD_11" (4096)
Sun Jun  3 22:44:15 2007
 2
1 long 
("nero.quadrantD.10.energy")
(0 4095) 
--------------------------------------------
(96) 757
(97) 537
(98) 412
(99) 339
(100) 261
(101) 220
(102) 158
(103) 127
(104) 113
(105) 89
(106) 82
(107) 53
(108) 48
(109) 44
(110) 33
(111) 33
(112) 38
(113) 23
(114) 17
(115) 17
(116) 32
(117) 14
(118) 16
(119) 18
(120) 13
(121) 19
(122) 16
(123) 9
(124) 13
(125) 7
(126) 10
(127) 14
(128) 15
(129) 9
(130) 10
(131) 9
(132) 6
(133) 6
(134) 7
(135) 13
(136) 7
(137) 6
(138) 9
(139) 8
(140) 11
(141) 11
(142) 12
(143) 5
(144) 9
(145) 7
(146) 9
(147) 2
(148) 10
(149) 7
(150) 2
(151) 4
(152) 7
(153) 6
(154) 5
(155) 8
(156) 7
(157) 7
(158) 9
(159) 2
(160) 2
(161) 6
(162) 4
(163) 6
(164) 5
(165) 3
(166) 2
(167) 7
(168) 7
(169) 3
(170) 2
(171) 3
(172) 6
(173) 1
(174) 4
(175) 2
(176) 5
(177) 5
(178) 4
(180) 4
(182) 6
(183) 3
(184) 2
(185) 4
(186) 4
(187) 3
(188) 1
(189) 2
(190) 2
(193) 6
(194) 1
(195) 2
(196) 1
(197) 2
(198) 3
(199) 2
(200) 2
(201) 1
(202) 2
(203) 1
(204) 2
(205) 1
(206) 2
(207) 1
(208) 4
(209) 1
(210) 1
(211) 2
(212) 2
(213) 1
(214) 2
(216) 2
(217) 2
(218) 1
(219) 1
(220) 1
(221) 1
(222) 2
(223) 2
(224) 2
(226) 3
(228) 2
(229) 2
(230) 2
(231) 1
(233) 1
(235) 1
(236) 1
(237) 4
(238) 1
(239) 1
(240) 2
(243) 4
(244) 2
(245) 2
(246) 2
(248) 3
(249) 2
(250) 2
(251) 1
(252) 3
(253) 2
(254) 2
(257) 1
(258) 1
(259) 1
(260) 1
(261) 3
(262) 2
(263) 1
(264) 2
(266) 3
(268) 3
(270) 3
(271) 1
(273) 2
(275) 1
(276) 1
(277) 5
(279) 3
(280) 3
(281) 1
(282) 3
(283) 2
(286) 2
(287) 2
(288) 1
(289) 4
(290) 2
(291) 1
(293) 1
(294) 3
(295) 5
(296) 1
(297) 2
(298) 2
(299) 2
(300) 1
(302) 3
(303) 2
(304) 1
(306) 3
(308) 1
(309) 1
(311) 2
(313) 2
(314) 1
(315) 1
(317) 1
(320) 1
(322) 2
(324) 3
(325) 4
(326) 3
(327) 3
(328) 1
(329) 1
(330) 2
(331) 4
(332) 1
(333) 1
(334) 1
(335) 2
(336) 2
(337) 2
(338) 2
(339) 2
(340) 2
(341) 2
(342) 5
(343) 4
(345) 5
(346) 5
(347) 1
(348) 1
(349) 3
(350) 2
(351) 1
(353) 2
(354) 2
(355) 4
(356) 4
(357) 1
(358) 2
(359) 3
(360) 1
(361) 5
(362) 1
(363) 2
(364) 2
(365) 1
(367) 1
(368) 1
(369) 2
(370) 2
(371) 5
(372) 4
(373) 3
(374) 3
(375) 3
(376) 2
(377) 4
(378) 1
(379) 3
(380) 4
(381) 3
(382) 1
(383) 5
(384) 6
(385) 6
(386) 4
(387) 5
(388) 3
(389) 2
(390) 4
(391) 6
(392) 7
(393) 4
(394) 7
(395) 3
(396) 7
(397) 6
(398) 7
(399) 10
(400) 7
(401) 5
(402) 7
(403) 18
(404) 5
(405) 7
(406) 12
(407) 6
(408) 9
(409) 15
(410) 10
(411) 6
(412) 7
(413) 10
(414) 7
(415) 8
(416) 14
(417) 6
(418) 9
(419) 7
(420) 11
(421) 6
(422) 12
(423) 9
(424) 5
(425) 12
(426) 6
(427) 14
(428) 8
(429) 10
(430) 6
(431) 8
(432) 10
(433) 15
(434) 8
(435) 10
(436) 10
(437) 6
(438) 6
(439) 10
(440) 11
(441) 14
(442) 13
(443) 7
(444) 10
(445) 8
(446) 8
(447) 6
(448) 7
(449) 6
(450) 11
(451) 12
(452) 7
(453) 7
(454) 6
(455) 5
(456) 10
(457) 9
(458) 6
(459) 9
(460) 9
(461) 7
(462) 8
(463) 8
(464) 8
(465) 5
(466) 9
(467) 8
(468) 10
(469) 8
(470) 6
(471) 6
(472) 1
(473) 6
(474) 6
(475) 9
(476) 9
(477) 10
(478) 9
(479) 7
(480) 6
(481) 7
(482) 11
(483) 8
(484) 6
(485) 6
(486) 6
(487) 11
(488) 15
(489) 5
(490) 3
(491) 8
(492) 5
(493) 3
(494) 8
(495) 8
(496) 5
(497) 5
(498) 10
(499) 9
(500) 6
(501) 6
(502) 5
(503) 5
(504) 3
(505) 6
(506) 6
(507) 8
(508) 7
(509) 6
(510) 4
(511) 5
(512) 7
(513) 4
(514) 4
(515) 6
(516) 4
(517) 8
(518) 5
(519) 9
(520) 6
(521) 4
(522) 2
(523) 5
(524) 5
(525) 4
(526) 2
(527) 4
(528) 1
(529) 5
(530) 3
(531) 5
(532) 6
(534) 2
(535) 8
(536) 5
(537) 4
(538) 4
(539) 2
(541) 5
(542) 3
(543) 2
(544) 8
(545) 7
(546) 2
(547) 3
(548) 1
(549) 1
(550) 1
(551) 4
(552) 3
(553) 5
(554) 3
(555) 7
(557) 1
(559) 3
(560) 2
(561) 1
(562) 3
(563) 3
(564) 4
(565) 4
(566) 2
(567) 1
(568) 2
(569) 8
(570) 2
(571) 1
(572) 2
(573) 2
(574) 4
(575) 1
(576) 1
(577) 2
(578) 3
(579) 4
(580) 3
(581) 2
(582) 3
(583) 3
(584) 1
(585) 1
(586) 3
(587) 1
(590) 3
(593) 2
(594) 2
(595) 2
(596) 2
(598) 2
(599) 3
(600) 2
(603) 1
(607) 1
(608) 2
(609) 1
(610) 2
(611) 1
(613) 1
(614) 1
(616) 2
(617) 2
(618) 1
(620) 4
(621) 2
(623) 1
(624) 1
(626) 1
(627) 1
(628) 1
(629) 1
(631) 4
(633) 2
(634) 1
(635) 3
(637) 2
(638) 1
(642) 3
(644) 1
(647) 1
(650) 2
(652) 2
(653) 1
(654) 2
(655) 1
(657) 1
(658) 1
(659) 1
(661) 3
(662) 5
(665) 3
(667) 1
(670) 1
(671) 2
(672) 1
(675) 4
(676) 1
(677) 1
(678) 2
(679) 2
(680) 1
(681) 2
(682) 2
(684) 3
(686) 1
(687) 1
(688) 2
(690) 1
(694) 1
(696) 1
(698) 2
(699) 1
(700) 2
(701) 1
(703) 1
(704) 2
(705) 2
(708) 1
(709) 1
(710) 1
(712) 1
(715) 1
(716) 3
(717) 1
(718) 1
(723) 3
(730) 1
(731) 1
(732) 1
(733) 1
(735) 2
(737) 2
(738) 1
(739) 1
(743) 1
(744) 1
(745) 1
(746) 2
(749) 1
(751) 1
(754) 1
(755) 3
(756) 2
(757) 2
(759) 1
(761) 1
(766) 1
(769) 3
(772) 1
(773) 1
(774) 1
(775) 2
(776) 1
(777) 1
(780) 1
(781) 1
(783) 2
(785) 1
(786) 1
(788) 1
(790) 2
(791) 1
(793) 1
(795) 2
(798) 1
(803) 1
(805) 1
(807) 1
(808) 1
(811) 2
(812) 2
(815) 2
(817) 1
(820) 1
(823) 3
(827) 2
(828) 2
(829) 1
(830) 1
(831) 1
(832) 1
(834) 1
(835) 1
(838) 3
(840) 1
(841) 1
(842) 1
(845) 1
(846) 1
(847) 1
(848) 3
(849) 1
(854) 2
(856) 1
(858) 1
(859) 2
(861) 1
(862) 2
(863) 2
(865) 2
(866) 1
(867) 1
(870) 2
(871) 3
(873) 1
(874) 1
(876) 1
(877) 1
(879) 2
(881) 1
(882) 1
(884) 2
(886) 1
(887) 1
(891) 1
(893) 1
(894) 2
(899) 1
(900) 1
(906) 1
(907) 1
(908) 1
(909) 2
(911) 1
(912) 1
(915) 4
(916) 1
(917) 2
(918) 1
(919) 1
(922) 2
(923) 1
(926) 1
(927) 2
(929) 2
(933) 1
(934) 1
(937) 1
(938) 1
(939) 1
(941) 1
(942) 2
(945) 1
(948) 2
(949) 2
(950) 2
(951) 1
(953) 2
(957) 1
(958) 1
(959) 1
(960) 1
(965) 1
(966) 1
(967) 1
(969) 2
(970) 1
(972) 1
(974) 2
(975) 2
(976) 1
(979) 1
(980) 1
(985) 1
(990) 3
(991) 1
(995) 1
(998) 1
(999) 2
(1002) 2
(1004) 1
(1005) 1
(1006) 1
(1007) 1
(1008) 1
(1010) 2
(1011) 1
(1014) 1
(1015) 2
(1016) 2
(1017) 1
(1019) 1
(1020) 2
(1023) 2
(1024) 3
(1025) 1
(1033) 1
(1034) 1
(1036) 1
(1039) 1
(1041) 1
(1042) 1
(1043) 1
(1046) 1
(1048) 1
(1049) 1
(1050) 1
(1052) 1
(1053) 1
(1055) 2
(1061) 1
(1063) 1
(1066) 1
(1067) 1
(1068) 1
(1070) 1
(1071) 1
(1073) 2
(1074) 1
(1075) 1
(1076) 2
(1077) 1
(1078) 1
(1079) 1
(1080) 3
(1081) 1
(1084) 1
(1087) 1
(1089) 1
(1090) 1
(1093) 1
(1097) 1
(1099) 2
(1101) 1
(1102) 3
(1105) 1
(1106) 1
(1109) 1
(1110) 1
(1111) 1
(1112) 2
(1115) 1
(1118) 1
(1120) 2
(1122) 3
(1125) 1
(1127) 1
(1131) 1
(1133) 1
(1136) 1
(1139) 1
(1144) 1
(1145) 1
(1148) 1
(1149) 1
(1151) 2
(1152) 1
(1155) 1
(1157) 2
(1160) 1
(1163) 1
(1167) 1
(1172) 1
(1177) 1
(1178) 1
(1184) 1
(1190) 1
(1192) 2
(1193) 1
(1197) 1
(1198) 1
(1199) 1
(1202) 2
(1207) 1
(1210) 1
(1215) 1
(1223) 2
(1228) 1
(1240) 1
(1245) 1
(1246) 1
(1248) 1
(1252) 1
(1255) 1
(1256) 1
(1257) 1
(1262) 1
(1270) 2
(1276) 1
(1281) 1
(1285) 2
(1289) 1
(1308) 1
(1319) 1
(1323) 2
(1326) 1
(1331) 1
(1361) 3
(1365) 1
(1370) 1
(1372) 1
(1376) 1
(1382) 2
(1386) 1
(1390) 1
(1395) 1
(1406) 1
(1418) 1
(1443) 1
(1444) 1
(1453) 1
(1454) 1
(1456) 1
(1475) 1
(1476) 1
(1484) 1
(1505) 1
(1514) 1
(1517) 1
(1519) 1
(1529) 1
(1544) 1
(1546) 1
(1564) 1
(1571) 1
(1600) 1
(1607) 1
(1608) 1
(1639) 1
(1671) 1
(1674) 1
(1686) 1
(1702) 1
(1710) 1
(1736) 1
(1739) 1
(1753) 1
(1773) 1
(1780) 2
(1781) 1
(1840) 1
(1844) 1
(1883) 1
(1890) 1
(1893) 2
(1896) 1
(1936) 1
(1974) 1
(2025) 1
(-1) -1
