"quadD_4" (4096)
Sun Jun  3 22:44:42 2007
 2
1 long 
("nero.quadrantD.3.energy")
(0 4095) 
--------------------------------------------
(80) 10526
(81) 9738
(82) 9083
(83) 8437
(84) 7678
(85) 7075
(86) 6327
(87) 5528
(88) 4945
(89) 4318
(90) 3820
(91) 3241
(92) 2799
(93) 2433
(94) 2119
(95) 1707
(96) 1512
(97) 1269
(98) 1066
(99) 847
(100) 775
(101) 617
(102) 567
(103) 389
(104) 338
(105) 300
(106) 249
(107) 201
(108) 177
(109) 140
(110) 136
(111) 112
(112) 73
(113) 57
(114) 57
(115) 56
(116) 59
(117) 48
(118) 29
(119) 34
(120) 21
(121) 34
(122) 23
(123) 24
(124) 20
(125) 17
(126) 24
(127) 12
(128) 12
(129) 13
(130) 14
(131) 12
(132) 14
(133) 16
(134) 11
(135) 7
(136) 15
(137) 10
(138) 11
(139) 15
(140) 3
(141) 12
(142) 12
(143) 7
(144) 8
(145) 13
(146) 10
(147) 10
(148) 8
(149) 5
(150) 10
(151) 7
(152) 6
(153) 4
(154) 5
(155) 8
(156) 14
(157) 4
(158) 8
(159) 5
(160) 8
(161) 8
(162) 3
(163) 7
(164) 5
(165) 4
(166) 2
(167) 7
(168) 2
(169) 6
(170) 3
(171) 1
(172) 5
(173) 4
(174) 4
(175) 4
(176) 1
(177) 1
(178) 3
(179) 5
(180) 4
(181) 6
(182) 4
(183) 8
(184) 1
(185) 2
(186) 2
(187) 1
(188) 1
(189) 2
(190) 5
(191) 2
(192) 5
(193) 5
(194) 2
(195) 2
(196) 2
(197) 2
(198) 3
(199) 5
(200) 3
(201) 3
(203) 2
(204) 2
(205) 2
(207) 2
(208) 2
(209) 3
(210) 3
(211) 1
(212) 3
(213) 4
(214) 4
(216) 1
(217) 4
(218) 4
(219) 4
(220) 1
(222) 1
(223) 3
(224) 2
(225) 1
(226) 1
(228) 1
(230) 3
(231) 1
(234) 3
(235) 2
(236) 2
(237) 1
(241) 1
(243) 4
(245) 3
(246) 1
(248) 1
(250) 2
(251) 3
(252) 4
(253) 1
(254) 1
(255) 2
(256) 1
(257) 3
(258) 1
(260) 1
(261) 1
(262) 1
(263) 2
(264) 2
(268) 1
(269) 1
(270) 4
(271) 1
(272) 1
(273) 1
(274) 3
(275) 1
(276) 1
(277) 1
(278) 1
(279) 3
(281) 1
(282) 2
(283) 3
(285) 2
(286) 2
(289) 1
(291) 4
(293) 3
(294) 1
(295) 1
(296) 1
(297) 1
(298) 1
(299) 2
(300) 1
(301) 1
(302) 1
(306) 2
(307) 1
(308) 1
(310) 2
(312) 1
(315) 1
(316) 1
(317) 1
(318) 1
(319) 1
(320) 3
(321) 1
(322) 1
(323) 1
(325) 2
(326) 2
(327) 1
(328) 2
(329) 1
(330) 1
(332) 1
(333) 1
(334) 2
(336) 1
(338) 1
(339) 3
(341) 1
(342) 1
(347) 1
(348) 3
(349) 2
(350) 1
(353) 2
(359) 1
(361) 2
(362) 1
(365) 3
(366) 1
(367) 1
(369) 1
(370) 1
(376) 1
(378) 1
(379) 1
(380) 3
(382) 1
(384) 1
(386) 1
(388) 1
(389) 1
(390) 1
(391) 1
(395) 2
(396) 2
(397) 3
(402) 1
(403) 1
(404) 2
(408) 2
(409) 1
(411) 2
(414) 1
(416) 1
(418) 3
(419) 1
(420) 1
(424) 1
(429) 2
(430) 1
(432) 1
(434) 1
(438) 1
(439) 1
(440) 2
(442) 2
(443) 1
(449) 1
(451) 1
(452) 1
(454) 1
(457) 1
(461) 1
(462) 2
(465) 2
(466) 2
(467) 1
(468) 1
(471) 1
(474) 1
(477) 1
(479) 1
(481) 1
(486) 3
(488) 1
(489) 2
(491) 1
(492) 2
(496) 2
(497) 2
(498) 2
(504) 3
(505) 2
(506) 1
(507) 3
(509) 1
(510) 1
(512) 1
(515) 1
(516) 1
(519) 1
(520) 2
(522) 1
(523) 2
(524) 2
(525) 2
(527) 1
(528) 1
(529) 2
(530) 2
(531) 1
(533) 1
(534) 1
(535) 2
(536) 3
(537) 2
(539) 1
(540) 2
(541) 1
(544) 1
(545) 2
(546) 1
(547) 2
(548) 5
(549) 2
(550) 1
(552) 1
(553) 1
(555) 1
(556) 1
(558) 3
(560) 2
(562) 2
(563) 2
(565) 2
(566) 1
(568) 1
(569) 7
(570) 2
(571) 1
(572) 1
(573) 1
(574) 1
(575) 2
(576) 3
(577) 2
(578) 3
(579) 5
(580) 5
(581) 2
(582) 4
(583) 7
(584) 2
(585) 5
(586) 3
(587) 1
(588) 4
(589) 3
(590) 4
(591) 2
(592) 3
(593) 2
(594) 4
(595) 3
(596) 4
(597) 2
(598) 7
(599) 4
(600) 6
(601) 5
(602) 5
(603) 10
(604) 5
(605) 4
(606) 5
(607) 9
(608) 4
(609) 5
(610) 9
(611) 7
(612) 4
(613) 6
(614) 3
(615) 4
(616) 4
(617) 9
(618) 10
(619) 3
(620) 9
(621) 8
(622) 14
(623) 13
(624) 8
(625) 5
(626) 11
(627) 9
(628) 13
(629) 7
(630) 5
(631) 12
(632) 11
(633) 7
(634) 9
(635) 7
(636) 7
(637) 9
(638) 8
(639) 5
(640) 11
(641) 15
(642) 11
(643) 9
(644) 10
(645) 8
(646) 13
(647) 10
(648) 12
(649) 7
(650) 6
(651) 6
(652) 10
(653) 13
(654) 12
(655) 3
(656) 12
(657) 9
(658) 5
(659) 6
(660) 9
(661) 13
(662) 8
(663) 9
(664) 9
(665) 7
(666) 7
(667) 7
(668) 7
(669) 4
(670) 9
(671) 3
(672) 4
(673) 7
(674) 8
(675) 4
(676) 2
(677) 7
(678) 2
(679) 2
(680) 5
(681) 1
(682) 3
(684) 2
(685) 2
(686) 1
(687) 2
(689) 2
(690) 3
(691) 3
(693) 1
(694) 3
(695) 1
(700) 2
(703) 1
(707) 1
(724) 1
(731) 1
(751) 1
(764) 1
(768) 1
(779) 1
(802) 1
(816) 1
(822) 1
(831) 1
(862) 2
(872) 2
(887) 1
(940) 1
(956) 1
(960) 1
(970) 1
(976) 1
(996) 1
(998) 1
(1012) 1
(1032) 1
(1044) 1
(1051) 1
(1054) 1
(1062) 1
(1063) 1
(1065) 1
(1074) 1
(1083) 1
(1092) 1
(1099) 1
(1116) 1
(1149) 2
(1187) 1
(1188) 1
(1200) 1
(1221) 1
(1246) 1
(1274) 1
(1276) 2
(1307) 1
(1313) 1
(1318) 1
(1332) 1
(1338) 1
(1346) 1
(1347) 1
(1356) 1
(1369) 1
(1380) 1
(1394) 2
(1408) 1
(1421) 1
(1422) 1
(1423) 1
(1439) 1
(1442) 1
(1462) 1
(1464) 1
(1498) 1
(1533) 1
(1550) 1
(1585) 1
(1590) 1
(1603) 1
(1617) 1
(1636) 1
(1639) 1
(1668) 1
(1702) 1
(1706) 1
(1755) 1
(1762) 1
(1773) 1
(1792) 1
(1821) 1
(1889) 1
(1895) 1
(1896) 1
(1928) 1
(1944) 1
(1951) 1
(1961) 1
(1976) 1
(1979) 2
(1980) 1
(1983) 1
(2028) 1
(2059) 1
(2073) 1
(2104) 1
(2109) 1
(2114) 1
(2123) 1
(2134) 1
(2144) 1
(2182) 1
(2211) 1
(2218) 1
(2284) 1
(2298) 1
(2299) 1
(2323) 1
(2336) 1
(2352) 1
(2356) 1
(2359) 1
(2369) 1
(2370) 1
(2432) 1
(2445) 1
(2446) 2
(2450) 1
(2463) 3
(2464) 1
(2469) 1
(2478) 1
(2484) 1
(2497) 1
(2524) 1
(2526) 1
(2546) 1
(2560) 1
(2564) 1
(2568) 1
(2602) 1
(2611) 1
(2647) 1
(2656) 1
(2686) 1
(2696) 1
(2798) 1
(2834) 1
(2871) 1
(2910) 1
(2923) 1
(2991) 1
(3004) 1
(3036) 1
(3043) 1
(3070) 1
(3078) 1
(3112) 1
(3118) 1
(3131) 1
(3137) 1
(3146) 1
(3155) 1
(3189) 1
(3211) 1
(3219) 1
(3228) 1
(3245) 1
(3304) 1
(3358) 1
(3364) 1
(3369) 1
(3473) 1
(3540) 1
(3548) 1
(3562) 1
(3593) 1
(3602) 1
(3625) 1
(3697) 1
(3698) 1
(3749) 1
(3859) 1
(3937) 1
(3990) 1
(4049) 1
(-1) -1
