"quadD_8" (4096)
Sun Jun  3 22:44:28 2007
 2
1 long 
("nero.quadrantD.7.energy")
(0 4095) 
--------------------------------------------
(64) 5786
(65) 6908
(66) 8557
(67) 9971
(68) 11038
(69) 12467
(70) 13648
(71) 14464
(72) 14995
(73) 15280
(74) 14992
(75) 14701
(76) 14313
(77) 13486
(78) 13030
(79) 12289
(80) 11615
(81) 10907
(82) 10303
(83) 9524
(84) 8934
(85) 7948
(86) 7032
(87) 6316
(88) 5592
(89) 4979
(90) 4290
(91) 3705
(92) 3114
(93) 2701
(94) 2257
(95) 1909
(96) 1640
(97) 1343
(98) 1093
(99) 929
(100) 761
(101) 655
(102) 499
(103) 417
(104) 350
(105) 303
(106) 243
(107) 177
(108) 170
(109) 135
(110) 108
(111) 98
(112) 72
(113) 62
(114) 61
(115) 40
(116) 47
(117) 28
(118) 36
(119) 28
(120) 25
(121) 35
(122) 21
(123) 15
(124) 13
(125) 13
(126) 16
(127) 18
(128) 19
(129) 14
(130) 10
(131) 12
(132) 10
(133) 16
(134) 13
(135) 5
(136) 10
(137) 8
(138) 9
(139) 9
(140) 15
(141) 13
(142) 8
(143) 6
(144) 12
(145) 8
(146) 8
(147) 11
(148) 7
(149) 14
(150) 9
(151) 7
(152) 13
(153) 4
(154) 13
(155) 8
(156) 6
(157) 8
(158) 11
(159) 6
(160) 8
(161) 6
(162) 6
(163) 7
(164) 4
(165) 8
(166) 3
(167) 5
(168) 1
(169) 5
(170) 3
(171) 4
(172) 7
(173) 5
(174) 8
(175) 5
(176) 8
(177) 3
(178) 3
(179) 4
(180) 2
(181) 3
(182) 9
(183) 5
(184) 3
(185) 2
(186) 2
(187) 7
(188) 4
(189) 4
(190) 5
(191) 1
(192) 5
(193) 2
(194) 3
(195) 1
(196) 1
(197) 2
(198) 4
(199) 1
(200) 3
(201) 6
(204) 2
(205) 2
(206) 5
(207) 3
(208) 5
(209) 3
(210) 3
(211) 1
(212) 1
(213) 2
(215) 3
(218) 1
(220) 4
(222) 2
(223) 1
(225) 3
(227) 2
(228) 3
(229) 1
(230) 1
(231) 2
(232) 1
(233) 2
(234) 1
(235) 1
(236) 3
(237) 1
(238) 1
(239) 2
(240) 3
(241) 1
(242) 1
(245) 1
(246) 2
(247) 1
(250) 1
(251) 2
(252) 1
(253) 1
(254) 1
(257) 2
(258) 2
(259) 1
(260) 1
(261) 2
(263) 2
(267) 1
(269) 3
(270) 1
(271) 1
(272) 2
(273) 2
(274) 2
(275) 3
(277) 1
(278) 1
(279) 2
(280) 2
(281) 1
(282) 2
(284) 1
(287) 1
(288) 1
(289) 4
(290) 1
(291) 2
(293) 1
(294) 3
(296) 3
(298) 1
(299) 3
(300) 1
(301) 2
(302) 1
(303) 3
(304) 1
(305) 1
(306) 4
(309) 1
(311) 4
(314) 2
(315) 2
(317) 1
(320) 1
(321) 1
(323) 2
(325) 1
(326) 2
(330) 1
(331) 1
(332) 2
(333) 3
(334) 1
(336) 3
(337) 1
(339) 1
(340) 1
(343) 2
(348) 1
(349) 1
(350) 2
(351) 1
(353) 4
(354) 1
(356) 3
(357) 3
(359) 1
(360) 1
(361) 2
(363) 2
(364) 2
(365) 2
(366) 1
(367) 4
(368) 2
(369) 1
(370) 4
(371) 2
(372) 1
(373) 2
(374) 2
(375) 2
(376) 2
(377) 1
(378) 3
(379) 1
(380) 1
(381) 3
(383) 5
(384) 3
(386) 1
(387) 4
(388) 1
(389) 1
(390) 3
(391) 1
(392) 2
(393) 3
(394) 2
(395) 4
(396) 4
(397) 3
(398) 2
(399) 1
(400) 3
(401) 2
(402) 3
(403) 1
(404) 8
(405) 4
(408) 4
(409) 2
(410) 4
(411) 1
(412) 3
(413) 5
(414) 1
(415) 1
(416) 3
(417) 4
(418) 5
(419) 1
(420) 6
(421) 2
(422) 7
(423) 3
(424) 7
(425) 6
(426) 1
(427) 3
(428) 6
(429) 4
(430) 6
(431) 8
(432) 2
(433) 4
(434) 7
(435) 7
(436) 8
(437) 4
(438) 4
(439) 8
(440) 2
(441) 3
(442) 4
(443) 7
(444) 5
(445) 4
(446) 7
(447) 3
(448) 9
(449) 6
(450) 2
(451) 8
(452) 3
(453) 9
(454) 7
(455) 9
(456) 7
(457) 4
(458) 6
(459) 9
(460) 6
(461) 6
(462) 3
(463) 6
(464) 2
(465) 7
(466) 7
(467) 8
(468) 7
(469) 1
(470) 9
(471) 7
(472) 6
(473) 9
(474) 5
(475) 11
(476) 5
(477) 6
(478) 9
(479) 3
(480) 6
(481) 6
(482) 3
(483) 7
(484) 5
(485) 9
(486) 1
(487) 2
(488) 5
(489) 5
(490) 8
(491) 4
(492) 5
(493) 3
(494) 7
(495) 7
(496) 6
(497) 6
(498) 5
(499) 3
(500) 9
(501) 8
(502) 5
(503) 6
(504) 5
(505) 1
(506) 4
(507) 8
(508) 6
(509) 5
(510) 3
(511) 3
(512) 2
(513) 2
(514) 4
(515) 5
(516) 7
(517) 6
(518) 7
(519) 12
(520) 3
(521) 5
(523) 1
(524) 4
(525) 8
(526) 7
(527) 4
(528) 5
(529) 4
(530) 6
(531) 5
(532) 5
(533) 6
(534) 4
(535) 6
(536) 6
(537) 2
(538) 7
(539) 3
(540) 4
(541) 6
(542) 2
(543) 1
(544) 4
(545) 5
(546) 5
(547) 5
(548) 2
(549) 3
(550) 7
(551) 6
(552) 6
(553) 4
(554) 1
(555) 4
(556) 3
(557) 3
(558) 3
(559) 3
(560) 4
(561) 6
(562) 6
(563) 1
(564) 2
(565) 2
(566) 1
(567) 5
(568) 6
(569) 5
(570) 5
(571) 3
(572) 2
(573) 5
(574) 2
(575) 4
(576) 3
(577) 1
(578) 6
(579) 5
(580) 2
(581) 3
(582) 1
(583) 4
(584) 2
(585) 3
(586) 2
(587) 7
(588) 4
(589) 5
(590) 1
(591) 1
(593) 4
(594) 4
(595) 5
(596) 4
(597) 3
(598) 4
(599) 3
(600) 4
(601) 1
(602) 7
(603) 3
(604) 1
(605) 2
(606) 4
(607) 1
(608) 1
(610) 2
(611) 6
(612) 2
(613) 2
(614) 1
(615) 5
(616) 3
(617) 1
(618) 3
(619) 2
(621) 2
(622) 6
(623) 2
(624) 2
(625) 2
(626) 1
(627) 1
(628) 1
(629) 2
(630) 3
(631) 1
(632) 3
(633) 3
(634) 3
(635) 2
(636) 2
(637) 3
(638) 4
(639) 1
(640) 1
(641) 2
(645) 2
(646) 1
(647) 3
(648) 3
(649) 3
(651) 2
(652) 1
(653) 3
(654) 2
(656) 2
(657) 1
(658) 5
(659) 2
(666) 1
(670) 1
(673) 1
(676) 1
(678) 1
(679) 3
(681) 1
(686) 1
(687) 2
(688) 1
(690) 1
(691) 1
(692) 1
(693) 2
(698) 1
(701) 1
(703) 1
(704) 2
(705) 2
(707) 1
(709) 2
(710) 1
(713) 1
(714) 1
(715) 1
(719) 1
(720) 1
(722) 1
(724) 1
(725) 1
(728) 2
(729) 1
(731) 2
(733) 1
(734) 1
(735) 1
(736) 1
(737) 2
(738) 2
(739) 1
(740) 1
(741) 1
(742) 1
(745) 3
(746) 1
(752) 1
(754) 1
(755) 1
(756) 3
(759) 1
(764) 2
(765) 1
(767) 3
(769) 1
(772) 2
(773) 3
(775) 2
(776) 2
(778) 1
(779) 1
(783) 1
(784) 1
(785) 1
(787) 2
(789) 2
(791) 2
(797) 1
(799) 2
(801) 1
(804) 1
(805) 1
(807) 3
(811) 2
(814) 1
(815) 1
(816) 2
(820) 3
(822) 1
(823) 2
(826) 1
(828) 1
(832) 1
(833) 1
(834) 1
(836) 1
(838) 1
(839) 1
(841) 1
(844) 1
(846) 2
(847) 1
(848) 1
(849) 1
(851) 1
(852) 2
(854) 1
(857) 1
(858) 1
(863) 1
(864) 1
(865) 1
(870) 1
(872) 1
(877) 2
(878) 1
(880) 2
(881) 1
(882) 1
(883) 2
(889) 2
(890) 1
(896) 1
(900) 1
(901) 1
(902) 1
(903) 4
(904) 4
(905) 3
(908) 1
(909) 1
(917) 1
(918) 1
(920) 2
(921) 2
(924) 2
(927) 1
(932) 1
(933) 1
(938) 1
(941) 1
(942) 1
(944) 1
(945) 1
(948) 2
(950) 1
(952) 1
(954) 2
(955) 1
(957) 3
(961) 2
(963) 1
(964) 2
(968) 1
(972) 1
(973) 2
(978) 1
(979) 1
(980) 3
(981) 1
(982) 2
(983) 1
(987) 1
(988) 2
(990) 1
(994) 2
(995) 1
(997) 1
(999) 2
(1000) 2
(1003) 2
(1004) 2
(1006) 1
(1008) 1
(1014) 2
(1015) 1
(1018) 1
(1020) 1
(1028) 2
(1029) 1
(1030) 1
(1033) 1
(1035) 2
(1037) 1
(1039) 2
(1041) 2
(1044) 1
(1049) 1
(1057) 2
(1059) 1
(1062) 1
(1063) 1
(1070) 2
(1073) 1
(1074) 2
(1077) 1
(1078) 1
(1079) 1
(1080) 1
(1081) 2
(1084) 1
(1087) 1
(1092) 1
(1093) 2
(1094) 1
(1095) 1
(1098) 2
(1100) 3
(1101) 1
(1108) 1
(1111) 1
(1112) 2
(1114) 1
(1119) 1
(1123) 1
(1124) 2
(1125) 2
(1126) 1
(1131) 1
(1132) 1
(1134) 1
(1135) 1
(1137) 1
(1139) 1
(1141) 1
(1142) 1
(1144) 1
(1145) 2
(1146) 1
(1148) 1
(1151) 1
(1154) 1
(1156) 2
(1157) 1
(1158) 1
(1159) 1
(1164) 1
(1166) 1
(1169) 1
(1170) 1
(1178) 1
(1179) 1
(1180) 1
(1183) 2
(1185) 1
(1190) 1
(1191) 2
(1200) 1
(1204) 1
(1208) 2
(1209) 2
(1211) 1
(1213) 1
(1216) 1
(1218) 1
(1220) 1
(1223) 3
(1224) 1
(1227) 2
(1231) 1
(1234) 3
(1236) 1
(1237) 1
(1238) 2
(1244) 2
(1246) 1
(1249) 1
(1256) 2
(1258) 1
(1259) 1
(1260) 1
(1262) 3
(1263) 1
(1264) 1
(1266) 1
(1267) 1
(1269) 1
(1270) 1
(1275) 2
(1279) 1
(1281) 1
(1282) 1
(1293) 1
(1294) 1
(1298) 1
(1304) 1
(1305) 1
(1306) 1
(1316) 1
(1323) 1
(1325) 1
(1330) 1
(1331) 1
(1339) 1
(1342) 1
(1343) 1
(1346) 1
(1350) 1
(1361) 1
(1365) 2
(1368) 1
(1384) 1
(1396) 1
(1397) 1
(1405) 1
(1413) 1
(1417) 1
(1419) 1
(1428) 1
(1430) 1
(1431) 1
(1434) 1
(1437) 1
(1453) 1
(1463) 1
(1469) 1
(1474) 1
(1477) 1
(1492) 1
(1500) 1
(1502) 1
(1508) 1
(1511) 1
(1516) 1
(1524) 1
(1525) 1
(1531) 1
(1536) 1
(1542) 1
(1544) 2
(1547) 1
(1554) 1
(1555) 2
(1556) 2
(1562) 1
(1563) 1
(1565) 1
(1569) 1
(1577) 1
(1586) 1
(1595) 1
(1600) 1
(1619) 1
(1642) 1
(1644) 1
(1649) 1
(1651) 1
(1657) 1
(1663) 1
(1665) 1
(1669) 1
(1691) 2
(1699) 1
(1726) 1
(1729) 1
(1751) 2
(1759) 1
(1769) 1
(1773) 1
(1784) 1
(1788) 1
(1799) 1
(1803) 1
(1813) 1
(1820) 1
(1822) 1
(1827) 1
(1836) 1
(1841) 1
(1853) 1
(1856) 1
(1857) 1
(1877) 1
(1899) 1
(1940) 1
(1957) 1
(1969) 1
(1971) 1
(1984) 1
(1994) 1
(1999) 2
(2012) 1
(2029) 1
(2055) 1
(2056) 1
(2057) 1
(2072) 1
(2082) 1
(2103) 1
(2122) 1
(2130) 1
(2158) 1
(2202) 1
(2207) 1
(2233) 2
(2245) 1
(2272) 1
(2281) 1
(2285) 1
(2297) 1
(2409) 1
(2426) 1
(2461) 1
(2470) 1
(2479) 1
(2531) 1
(2533) 1
(2666) 1
(2676) 1
(2677) 1
(2898) 1
(2911) 1
(2939) 1
(3135) 1
(3186) 1
(-1) -1
