"quadD_13" (4096)
Sun Jun  3 22:44:05 2007
 2
1 long 
("nero.quadrantD.12.energy")
(0 4095) 
--------------------------------------------
(80) 12664
(81) 10962
(82) 9747
(83) 8351
(84) 7196
(85) 6236
(86) 5347
(87) 4543
(88) 3953
(89) 3198
(90) 2641
(91) 2148
(92) 1741
(93) 1437
(94) 1127
(95) 915
(96) 733
(97) 524
(98) 412
(99) 334
(100) 303
(101) 203
(102) 139
(103) 118
(104) 112
(105) 82
(106) 84
(107) 64
(108) 54
(109) 41
(110) 34
(111) 39
(112) 23
(113) 25
(114) 22
(115) 23
(116) 17
(117) 26
(118) 18
(119) 18
(120) 17
(121) 14
(122) 14
(123) 12
(124) 8
(125) 9
(126) 10
(127) 6
(128) 15
(129) 15
(130) 13
(131) 11
(132) 15
(133) 7
(134) 3
(135) 9
(136) 12
(137) 14
(138) 10
(139) 9
(140) 7
(141) 9
(142) 10
(143) 11
(144) 5
(145) 11
(146) 9
(147) 5
(148) 10
(149) 7
(150) 2
(151) 6
(152) 3
(153) 8
(154) 4
(155) 9
(156) 9
(157) 4
(158) 7
(159) 5
(160) 2
(161) 3
(162) 8
(163) 7
(164) 8
(165) 3
(166) 3
(167) 3
(168) 6
(169) 4
(170) 4
(171) 3
(172) 3
(173) 6
(174) 2
(175) 3
(176) 4
(177) 3
(178) 4
(179) 3
(180) 5
(181) 5
(182) 2
(183) 1
(184) 5
(185) 2
(186) 1
(187) 5
(188) 3
(189) 3
(190) 3
(193) 2
(194) 2
(195) 2
(196) 1
(197) 2
(199) 2
(201) 2
(202) 1
(203) 2
(204) 2
(205) 2
(206) 1
(207) 1
(208) 3
(209) 3
(211) 1
(212) 1
(214) 1
(215) 1
(216) 2
(217) 1
(218) 5
(219) 2
(220) 1
(221) 2
(223) 2
(226) 1
(228) 2
(229) 1
(230) 1
(231) 1
(232) 1
(233) 2
(236) 2
(237) 1
(238) 3
(239) 2
(240) 1
(241) 1
(242) 1
(243) 1
(244) 4
(245) 1
(247) 1
(248) 2
(249) 3
(250) 1
(251) 2
(252) 3
(253) 2
(254) 1
(255) 1
(257) 2
(258) 1
(261) 1
(263) 1
(264) 2
(265) 1
(266) 2
(267) 1
(268) 3
(269) 3
(270) 1
(271) 2
(272) 2
(273) 1
(274) 3
(275) 2
(276) 2
(279) 3
(281) 2
(282) 2
(285) 1
(286) 2
(287) 2
(289) 1
(290) 4
(291) 1
(292) 2
(293) 3
(294) 3
(295) 2
(296) 2
(297) 2
(298) 1
(299) 3
(300) 1
(303) 4
(304) 1
(305) 2
(306) 2
(307) 1
(308) 1
(309) 1
(310) 3
(312) 1
(313) 1
(314) 3
(315) 4
(316) 1
(317) 2
(318) 1
(319) 1
(322) 2
(323) 4
(326) 1
(327) 3
(328) 2
(329) 2
(330) 3
(331) 1
(332) 2
(333) 2
(334) 2
(335) 1
(336) 2
(338) 1
(339) 4
(340) 4
(341) 1
(342) 2
(343) 1
(345) 3
(346) 3
(347) 4
(348) 2
(349) 3
(350) 5
(351) 2
(352) 5
(353) 2
(354) 2
(355) 3
(356) 2
(357) 3
(358) 3
(359) 6
(360) 4
(361) 2
(362) 4
(363) 3
(364) 4
(365) 2
(366) 3
(367) 8
(368) 3
(369) 4
(370) 4
(371) 5
(372) 4
(373) 3
(374) 4
(375) 6
(376) 7
(377) 7
(378) 5
(379) 5
(380) 1
(381) 9
(382) 9
(383) 4
(384) 13
(385) 6
(386) 5
(387) 6
(388) 8
(389) 7
(390) 7
(391) 6
(392) 8
(393) 6
(394) 5
(395) 5
(396) 9
(397) 4
(398) 4
(399) 8
(400) 9
(401) 9
(402) 10
(403) 3
(404) 6
(405) 7
(406) 7
(407) 10
(408) 6
(409) 9
(410) 9
(411) 3
(412) 12
(413) 7
(414) 9
(415) 4
(416) 7
(417) 3
(418) 6
(419) 5
(420) 9
(421) 7
(422) 6
(423) 3
(424) 12
(425) 9
(426) 6
(427) 5
(428) 5
(429) 6
(430) 7
(431) 6
(432) 5
(433) 5
(434) 7
(435) 4
(436) 5
(437) 7
(438) 6
(439) 5
(440) 3
(441) 9
(442) 3
(443) 8
(444) 3
(445) 8
(446) 12
(447) 2
(448) 6
(449) 3
(450) 6
(451) 6
(453) 7
(454) 8
(455) 6
(456) 9
(457) 7
(458) 1
(459) 6
(460) 4
(461) 5
(462) 7
(463) 7
(464) 9
(465) 5
(466) 9
(467) 5
(468) 12
(469) 7
(470) 6
(471) 9
(472) 9
(473) 1
(474) 7
(475) 9
(476) 8
(477) 10
(478) 6
(479) 6
(480) 6
(481) 1
(482) 1
(483) 5
(484) 7
(485) 10
(486) 4
(487) 6
(488) 2
(489) 3
(490) 9
(491) 4
(492) 4
(493) 3
(494) 3
(495) 6
(496) 5
(497) 5
(498) 2
(499) 3
(500) 6
(501) 3
(502) 3
(503) 5
(504) 3
(505) 2
(506) 5
(507) 1
(508) 3
(509) 1
(510) 3
(511) 1
(512) 4
(513) 6
(514) 2
(515) 4
(516) 6
(517) 3
(518) 7
(519) 2
(520) 1
(521) 4
(522) 6
(523) 2
(524) 1
(525) 2
(526) 6
(527) 3
(528) 1
(529) 3
(530) 1
(531) 3
(532) 3
(533) 3
(535) 3
(536) 2
(537) 2
(538) 7
(539) 1
(540) 2
(542) 2
(543) 2
(544) 2
(545) 2
(546) 1
(547) 1
(548) 1
(549) 1
(550) 1
(552) 1
(553) 2
(555) 2
(557) 2
(558) 2
(559) 1
(560) 1
(561) 1
(563) 1
(564) 2
(565) 2
(566) 4
(567) 2
(568) 4
(570) 1
(572) 1
(574) 1
(575) 2
(576) 2
(577) 2
(578) 3
(580) 2
(582) 1
(583) 3
(585) 1
(586) 1
(587) 1
(589) 2
(591) 1
(592) 4
(593) 1
(594) 1
(595) 3
(596) 3
(597) 4
(598) 1
(599) 2
(600) 1
(601) 1
(603) 2
(604) 1
(605) 2
(606) 2
(608) 1
(610) 2
(611) 1
(615) 1
(616) 2
(617) 1
(618) 3
(624) 2
(627) 1
(631) 2
(635) 1
(639) 1
(640) 2
(642) 1
(643) 1
(645) 1
(646) 2
(648) 1
(649) 2
(651) 1
(652) 1
(653) 2
(654) 1
(656) 3
(657) 1
(658) 5
(660) 1
(661) 1
(662) 2
(663) 1
(664) 1
(665) 1
(666) 3
(668) 3
(671) 1
(672) 3
(673) 1
(676) 1
(678) 2
(680) 2
(681) 1
(682) 1
(683) 1
(684) 2
(685) 1
(686) 2
(688) 1
(690) 2
(691) 1
(693) 1
(694) 2
(695) 4
(698) 1
(700) 2
(702) 3
(703) 1
(705) 2
(706) 1
(712) 1
(713) 1
(714) 1
(718) 1
(720) 3
(723) 1
(724) 2
(725) 2
(728) 1
(729) 3
(734) 1
(736) 2
(740) 2
(744) 1
(745) 2
(748) 2
(749) 1
(751) 2
(752) 1
(754) 2
(755) 1
(757) 2
(759) 1
(762) 1
(763) 4
(764) 1
(765) 1
(767) 3
(769) 1
(770) 1
(771) 2
(772) 1
(775) 1
(776) 2
(777) 2
(778) 1
(781) 1
(784) 1
(785) 1
(788) 1
(789) 1
(795) 1
(796) 3
(798) 1
(799) 1
(800) 1
(807) 2
(808) 2
(810) 2
(811) 1
(812) 1
(816) 1
(818) 1
(821) 1
(826) 2
(827) 1
(828) 1
(832) 1
(836) 2
(839) 1
(840) 2
(845) 2
(847) 1
(850) 1
(852) 2
(853) 2
(854) 1
(856) 2
(858) 1
(859) 1
(860) 1
(861) 3
(865) 1
(866) 1
(868) 1
(869) 2
(871) 1
(875) 1
(876) 1
(878) 1
(880) 1
(884) 4
(886) 1
(887) 2
(888) 2
(891) 1
(892) 1
(895) 1
(896) 3
(898) 1
(902) 1
(905) 1
(913) 2
(914) 1
(915) 1
(918) 1
(919) 1
(921) 1
(922) 3
(924) 1
(926) 1
(927) 2
(928) 1
(933) 1
(937) 1
(938) 1
(939) 1
(941) 2
(947) 1
(948) 1
(949) 2
(950) 1
(951) 1
(956) 1
(958) 1
(959) 1
(961) 1
(964) 2
(965) 2
(967) 2
(970) 1
(972) 2
(975) 2
(976) 3
(979) 1
(981) 2
(983) 1
(984) 1
(986) 1
(987) 1
(989) 1
(990) 1
(993) 2
(997) 1
(998) 1
(1001) 3
(1002) 1
(1003) 1
(1007) 2
(1009) 1
(1010) 1
(1011) 1
(1012) 1
(1013) 1
(1015) 1
(1016) 1
(1019) 1
(1024) 1
(1025) 1
(1031) 1
(1033) 1
(1037) 1
(1039) 1
(1041) 1
(1043) 2
(1054) 1
(1058) 1
(1059) 1
(1064) 1
(1065) 1
(1068) 1
(1070) 1
(1071) 2
(1080) 2
(1081) 2
(1082) 1
(1085) 1
(1087) 1
(1089) 1
(1095) 1
(1096) 1
(1101) 1
(1105) 1
(1106) 1
(1109) 1
(1110) 1
(1114) 1
(1116) 1
(1124) 2
(1126) 2
(1129) 1
(1138) 1
(1142) 1
(1143) 1
(1146) 1
(1149) 2
(1155) 1
(1159) 2
(1166) 1
(1168) 1
(1169) 1
(1175) 1
(1177) 1
(1180) 1
(1183) 1
(1188) 1
(1189) 1
(1192) 1
(1197) 1
(1199) 1
(1215) 1
(1226) 1
(1229) 1
(1237) 1
(1241) 1
(1244) 1
(1245) 1
(1256) 1
(1260) 1
(1261) 1
(1262) 1
(1263) 1
(1267) 1
(1271) 1
(1274) 1
(1296) 1
(1299) 1
(1310) 1
(1319) 1
(1320) 1
(1327) 2
(1329) 1
(1333) 1
(1341) 2
(1350) 1
(1352) 1
(1354) 1
(1358) 1
(1367) 1
(1382) 1
(1402) 1
(1415) 1
(1435) 1
(1451) 2
(1455) 1
(1459) 1
(1460) 1
(1469) 1
(1472) 1
(1480) 1
(1481) 1
(1483) 1
(1508) 1
(1516) 1
(1520) 1
(1525) 1
(1538) 1
(1541) 1
(1565) 1
(1569) 1
(1571) 1
(1580) 1
(1603) 1
(1615) 1
(1674) 1
(1683) 1
(1696) 1
(1743) 1
(1781) 1
(1783) 1
(1790) 1
(1809) 1
(1834) 1
(2248) 1
(-1) -1
