"quadD_14" (4096)
Sun Jun  3 22:43:59 2007
 2
1 long 
("nero.quadrantD.13.energy")
(0 4095) 
--------------------------------------------
(112) 13587
(113) 12771
(114) 11262
(115) 10033
(116) 8738
(117) 7561
(118) 6446
(119) 5417
(120) 4649
(121) 3764
(122) 3312
(123) 2721
(124) 2262
(125) 1846
(126) 1561
(127) 1293
(128) 1019
(129) 846
(130) 716
(131) 528
(132) 401
(133) 362
(134) 256
(135) 180
(136) 172
(137) 151
(138) 94
(139) 85
(140) 83
(141) 50
(142) 47
(143) 37
(144) 37
(145) 38
(146) 28
(147) 26
(148) 20
(149) 16
(150) 26
(151) 14
(152) 26
(153) 14
(154) 23
(155) 19
(156) 18
(157) 11
(158) 15
(159) 10
(160) 16
(161) 12
(162) 11
(163) 25
(164) 11
(165) 8
(166) 14
(167) 10
(168) 12
(169) 13
(170) 10
(171) 14
(172) 7
(173) 7
(174) 16
(175) 9
(176) 8
(177) 14
(178) 11
(179) 6
(180) 5
(181) 5
(182) 7
(183) 12
(184) 5
(185) 2
(186) 10
(187) 3
(188) 4
(189) 7
(190) 9
(191) 10
(192) 9
(193) 3
(194) 4
(195) 7
(196) 4
(197) 4
(198) 7
(199) 7
(200) 5
(202) 5
(203) 1
(204) 6
(205) 5
(206) 3
(207) 3
(208) 2
(209) 3
(210) 2
(211) 3
(212) 3
(213) 3
(214) 2
(215) 2
(216) 4
(217) 4
(218) 5
(219) 4
(220) 2
(221) 3
(222) 2
(223) 2
(224) 4
(225) 1
(226) 3
(228) 3
(229) 2
(230) 2
(231) 1
(232) 1
(233) 1
(234) 3
(237) 2
(238) 1
(239) 1
(240) 1
(241) 1
(242) 1
(243) 2
(244) 2
(245) 1
(247) 1
(248) 3
(249) 1
(250) 1
(252) 1
(253) 1
(254) 2
(255) 4
(256) 2
(257) 3
(258) 2
(260) 2
(262) 4
(263) 3
(264) 1
(265) 2
(266) 1
(267) 1
(268) 1
(270) 1
(272) 3
(275) 1
(276) 2
(278) 1
(280) 1
(281) 1
(282) 1
(285) 2
(286) 4
(287) 1
(288) 1
(289) 1
(290) 1
(292) 1
(294) 1
(298) 1
(299) 1
(300) 1
(302) 1
(304) 2
(305) 1
(306) 1
(308) 1
(309) 1
(311) 2
(312) 3
(313) 1
(314) 2
(317) 1
(318) 1
(320) 1
(321) 1
(322) 1
(323) 2
(324) 2
(325) 3
(326) 2
(327) 2
(329) 3
(330) 2
(331) 5
(332) 2
(334) 1
(335) 1
(338) 1
(339) 2
(340) 3
(342) 1
(343) 1
(344) 2
(345) 2
(346) 3
(347) 2
(348) 3
(349) 1
(350) 2
(351) 2
(354) 2
(355) 1
(356) 4
(358) 1
(359) 1
(360) 3
(361) 2
(362) 1
(363) 3
(364) 1
(365) 1
(366) 2
(367) 2
(368) 3
(369) 1
(371) 3
(372) 3
(373) 2
(374) 4
(377) 1
(378) 1
(379) 3
(380) 3
(381) 2
(382) 2
(383) 2
(384) 4
(385) 2
(386) 2
(387) 5
(388) 5
(389) 2
(390) 2
(391) 2
(392) 3
(393) 2
(394) 1
(395) 1
(396) 1
(397) 3
(398) 8
(399) 3
(400) 2
(401) 2
(402) 3
(403) 4
(404) 5
(405) 4
(406) 3
(407) 3
(408) 5
(409) 3
(410) 5
(411) 5
(412) 3
(413) 3
(414) 2
(415) 3
(416) 4
(417) 2
(418) 2
(419) 9
(420) 3
(421) 3
(422) 5
(423) 3
(424) 4
(425) 3
(426) 9
(427) 5
(428) 7
(429) 6
(430) 4
(431) 6
(432) 4
(433) 6
(434) 9
(435) 7
(436) 6
(437) 7
(438) 12
(439) 11
(440) 6
(441) 8
(442) 7
(443) 3
(444) 7
(445) 6
(446) 9
(447) 9
(448) 8
(449) 4
(450) 10
(451) 1
(452) 9
(453) 5
(454) 11
(455) 8
(456) 4
(457) 8
(458) 10
(459) 8
(460) 7
(461) 6
(462) 2
(463) 9
(464) 3
(465) 6
(466) 6
(467) 4
(468) 11
(469) 2
(470) 4
(471) 7
(472) 14
(473) 7
(474) 10
(475) 2
(476) 10
(477) 5
(478) 5
(479) 5
(480) 4
(481) 1
(482) 2
(483) 13
(484) 4
(485) 9
(486) 7
(487) 11
(488) 8
(489) 6
(490) 3
(491) 3
(492) 5
(493) 5
(494) 6
(495) 6
(496) 5
(497) 4
(498) 8
(499) 5
(500) 12
(501) 7
(502) 7
(503) 6
(504) 2
(505) 7
(506) 1
(507) 4
(508) 2
(509) 3
(510) 6
(511) 3
(512) 8
(513) 3
(514) 3
(515) 7
(516) 4
(517) 6
(518) 4
(519) 3
(520) 9
(521) 5
(522) 4
(523) 7
(524) 3
(525) 6
(526) 7
(527) 4
(528) 6
(529) 8
(530) 2
(531) 7
(532) 3
(533) 6
(534) 5
(535) 4
(536) 6
(537) 4
(538) 6
(539) 1
(540) 6
(541) 3
(542) 5
(543) 9
(544) 3
(545) 5
(546) 2
(547) 7
(548) 4
(549) 5
(550) 1
(551) 5
(552) 6
(554) 7
(555) 4
(556) 4
(558) 3
(560) 4
(561) 5
(562) 5
(563) 4
(564) 4
(565) 2
(566) 5
(567) 1
(568) 1
(569) 7
(570) 4
(571) 4
(572) 3
(573) 3
(574) 3
(575) 3
(576) 1
(578) 3
(579) 2
(580) 6
(581) 5
(582) 3
(583) 6
(584) 2
(585) 3
(586) 2
(587) 4
(588) 4
(590) 4
(591) 2
(592) 2
(593) 1
(594) 2
(595) 2
(596) 6
(597) 2
(598) 2
(599) 1
(601) 5
(602) 4
(603) 2
(604) 3
(605) 3
(606) 3
(607) 1
(608) 2
(611) 2
(612) 1
(613) 2
(614) 5
(615) 2
(616) 1
(617) 2
(618) 3
(619) 1
(623) 2
(624) 2
(625) 2
(626) 2
(627) 1
(628) 2
(630) 2
(631) 1
(633) 2
(634) 2
(636) 1
(637) 1
(638) 1
(642) 1
(644) 2
(646) 1
(647) 1
(650) 1
(651) 2
(652) 3
(655) 1
(656) 1
(657) 1
(661) 1
(664) 2
(666) 1
(667) 1
(669) 2
(670) 1
(672) 3
(673) 2
(674) 2
(679) 1
(680) 1
(682) 1
(686) 2
(687) 1
(688) 1
(690) 1
(691) 1
(692) 1
(694) 1
(695) 1
(698) 1
(699) 1
(700) 2
(705) 1
(706) 1
(707) 1
(708) 2
(710) 1
(711) 2
(712) 1
(714) 2
(716) 1
(717) 1
(720) 1
(721) 1
(722) 1
(724) 1
(726) 2
(727) 2
(728) 1
(729) 1
(731) 4
(733) 1
(738) 2
(741) 2
(742) 1
(743) 1
(746) 2
(747) 2
(751) 1
(752) 1
(755) 1
(756) 1
(757) 1
(759) 1
(762) 2
(768) 2
(769) 1
(770) 4
(771) 2
(772) 1
(776) 1
(778) 1
(779) 2
(781) 2
(782) 1
(784) 1
(786) 1
(790) 1
(791) 1
(793) 2
(794) 1
(795) 1
(797) 2
(798) 1
(804) 1
(805) 2
(806) 2
(808) 1
(810) 1
(815) 1
(816) 1
(819) 1
(820) 1
(823) 1
(826) 1
(828) 2
(829) 2
(830) 1
(833) 1
(836) 1
(838) 2
(839) 1
(840) 2
(842) 2
(843) 1
(844) 1
(845) 1
(846) 1
(847) 1
(848) 1
(851) 1
(852) 1
(853) 1
(854) 1
(856) 1
(857) 1
(863) 2
(864) 1
(866) 1
(869) 1
(871) 1
(872) 2
(876) 1
(880) 1
(882) 1
(883) 2
(885) 1
(887) 1
(892) 3
(896) 1
(897) 1
(899) 1
(902) 1
(903) 1
(909) 1
(911) 1
(912) 1
(918) 1
(921) 1
(923) 1
(925) 1
(926) 1
(929) 1
(932) 1
(935) 1
(937) 2
(938) 2
(941) 1
(943) 1
(944) 1
(945) 1
(948) 1
(950) 1
(956) 1
(957) 1
(959) 1
(960) 1
(961) 1
(963) 2
(966) 1
(971) 1
(973) 1
(975) 2
(976) 1
(977) 1
(978) 1
(979) 1
(980) 1
(983) 1
(984) 1
(985) 1
(986) 1
(987) 1
(988) 1
(989) 2
(993) 1
(994) 2
(997) 2
(999) 1
(1001) 1
(1003) 1
(1004) 1
(1006) 1
(1007) 1
(1009) 3
(1010) 1
(1011) 3
(1012) 1
(1013) 1
(1017) 1
(1018) 1
(1019) 2
(1021) 1
(1022) 1
(1024) 1
(1025) 1
(1027) 1
(1028) 1
(1029) 1
(1030) 1
(1032) 1
(1035) 1
(1036) 1
(1037) 1
(1039) 1
(1040) 1
(1042) 1
(1045) 2
(1047) 1
(1048) 2
(1049) 1
(1050) 1
(1051) 1
(1053) 1
(1054) 1
(1056) 1
(1058) 1
(1060) 1
(1063) 1
(1065) 1
(1066) 1
(1069) 1
(1070) 1
(1071) 1
(1074) 1
(1075) 1
(1076) 1
(1079) 1
(1082) 1
(1088) 1
(1089) 1
(1090) 1
(1094) 1
(1098) 1
(1099) 1
(1100) 1
(1102) 1
(1103) 1
(1107) 1
(1114) 1
(1118) 1
(1119) 2
(1120) 1
(1121) 1
(1127) 2
(1131) 1
(1136) 1
(1137) 1
(1138) 1
(1139) 1
(1145) 2
(1146) 1
(1147) 2
(1150) 1
(1152) 1
(1153) 2
(1154) 1
(1164) 1
(1166) 1
(1170) 1
(1172) 1
(1173) 1
(1174) 1
(1175) 1
(1179) 1
(1192) 2
(1197) 1
(1198) 1
(1201) 1
(1204) 2
(1205) 1
(1208) 1
(1209) 1
(1210) 1
(1229) 2
(1238) 1
(1242) 1
(1245) 1
(1246) 1
(1248) 1
(1250) 2
(1257) 1
(1263) 1
(1272) 1
(1277) 1
(1283) 1
(1284) 1
(1285) 1
(1287) 1
(1296) 1
(1302) 1
(1303) 1
(1310) 2
(1311) 1
(1314) 1
(1322) 1
(1325) 1
(1333) 1
(1334) 1
(1336) 1
(1342) 1
(1351) 1
(1356) 2
(1361) 1
(1362) 1
(1379) 1
(1384) 1
(1391) 1
(1396) 1
(1398) 1
(1399) 1
(1407) 1
(1419) 1
(1420) 2
(1427) 2
(1433) 1
(1434) 1
(1437) 1
(1444) 1
(1462) 1
(1470) 1
(1502) 1
(1512) 1
(1535) 1
(1547) 1
(1553) 1
(1567) 1
(1569) 1
(1587) 1
(1589) 1
(1602) 1
(1609) 1
(1646) 1
(1648) 1
(1655) 1
(1666) 1
(1667) 1
(1671) 1
(1683) 1
(1702) 1
(1742) 2
(1743) 1
(1752) 1
(1769) 1
(1775) 1
(1869) 1
(1943) 1
(1948) 1
(1985) 1
(2008) 1
(-1) -1
