"quadD_15" (4096)
Sun Jun  3 22:43:54 2007
 2
1 long 
("nero.quadrantD.14.energy")
(0 4095) 
--------------------------------------------
(96) 439
(97) 324
(98) 281
(99) 201
(100) 167
(101) 108
(102) 110
(103) 95
(104) 64
(105) 55
(106) 48
(107) 38
(108) 35
(109) 32
(110) 30
(111) 21
(112) 16
(113) 20
(114) 24
(115) 19
(116) 18
(117) 17
(118) 12
(119) 22
(120) 16
(121) 17
(122) 17
(123) 19
(124) 13
(125) 17
(126) 22
(127) 22
(128) 16
(129) 10
(130) 14
(131) 14
(132) 15
(133) 22
(134) 11
(135) 18
(136) 17
(137) 7
(138) 16
(139) 11
(140) 14
(141) 6
(142) 9
(143) 14
(144) 10
(145) 7
(146) 6
(147) 9
(148) 4
(149) 7
(150) 6
(151) 6
(152) 9
(153) 9
(154) 7
(155) 12
(156) 2
(157) 4
(158) 6
(159) 8
(160) 9
(161) 5
(162) 3
(163) 8
(164) 7
(165) 6
(166) 3
(167) 6
(168) 6
(169) 4
(170) 5
(171) 3
(172) 3
(173) 8
(174) 5
(175) 6
(176) 3
(177) 1
(178) 6
(179) 4
(180) 4
(181) 5
(182) 1
(183) 3
(184) 4
(185) 4
(186) 2
(187) 3
(188) 1
(189) 3
(190) 3
(191) 4
(193) 5
(194) 3
(195) 1
(196) 6
(197) 4
(198) 2
(199) 3
(200) 2
(201) 2
(202) 2
(203) 1
(204) 4
(205) 4
(206) 3
(207) 4
(209) 3
(212) 1
(213) 2
(214) 2
(215) 2
(216) 1
(218) 2
(219) 3
(220) 1
(221) 2
(222) 3
(223) 2
(224) 2
(225) 2
(226) 2
(227) 1
(228) 2
(230) 1
(232) 1
(233) 3
(234) 1
(235) 2
(236) 1
(237) 2
(238) 1
(239) 1
(240) 4
(241) 1
(242) 2
(245) 1
(246) 2
(249) 1
(250) 1
(251) 1
(253) 1
(254) 1
(257) 1
(258) 2
(260) 1
(261) 3
(262) 2
(263) 2
(264) 2
(265) 1
(266) 3
(267) 2
(268) 3
(269) 1
(271) 2
(273) 3
(274) 1
(275) 1
(276) 1
(277) 3
(278) 4
(279) 1
(280) 3
(281) 1
(282) 1
(285) 3
(287) 2
(288) 1
(290) 1
(291) 1
(293) 5
(294) 3
(297) 1
(298) 1
(299) 1
(300) 2
(301) 1
(302) 1
(303) 3
(305) 1
(306) 1
(307) 1
(308) 1
(309) 1
(310) 2
(313) 2
(314) 2
(315) 1
(316) 1
(317) 1
(318) 4
(319) 1
(320) 1
(322) 4
(323) 2
(324) 4
(325) 2
(326) 1
(327) 1
(328) 1
(329) 2
(332) 1
(333) 1
(334) 1
(335) 4
(338) 2
(339) 3
(340) 3
(342) 2
(344) 3
(345) 2
(346) 5
(347) 1
(348) 2
(349) 2
(350) 3
(351) 3
(352) 3
(353) 3
(354) 1
(356) 3
(357) 2
(358) 2
(359) 2
(360) 2
(361) 1
(362) 1
(363) 4
(364) 3
(365) 2
(366) 2
(367) 2
(368) 1
(369) 3
(371) 2
(372) 5
(373) 4
(374) 5
(375) 3
(376) 6
(377) 8
(378) 1
(379) 2
(380) 3
(381) 2
(382) 1
(383) 2
(384) 2
(385) 5
(386) 4
(387) 5
(388) 2
(389) 2
(390) 4
(391) 4
(392) 2
(393) 6
(394) 2
(395) 6
(396) 6
(397) 4
(398) 8
(399) 4
(400) 4
(401) 10
(402) 5
(403) 4
(404) 8
(405) 7
(406) 6
(407) 5
(408) 7
(409) 4
(410) 6
(411) 8
(412) 5
(413) 6
(414) 7
(415) 5
(416) 9
(417) 9
(418) 6
(419) 5
(420) 7
(421) 6
(422) 5
(423) 3
(424) 10
(425) 11
(426) 7
(427) 8
(428) 7
(429) 4
(430) 11
(431) 9
(432) 8
(433) 8
(434) 6
(435) 3
(436) 5
(437) 8
(438) 5
(439) 6
(440) 8
(441) 5
(442) 3
(443) 8
(444) 8
(445) 9
(446) 4
(447) 2
(448) 6
(449) 3
(450) 7
(451) 2
(452) 5
(453) 8
(454) 2
(455) 6
(456) 2
(457) 2
(458) 3
(459) 12
(460) 5
(462) 8
(463) 4
(464) 7
(465) 7
(466) 8
(467) 5
(468) 3
(469) 7
(470) 3
(471) 3
(472) 10
(473) 4
(474) 2
(475) 4
(476) 4
(477) 10
(478) 5
(479) 6
(480) 4
(481) 4
(482) 7
(483) 3
(484) 8
(485) 4
(486) 7
(487) 9
(488) 7
(489) 5
(490) 5
(491) 6
(492) 1
(493) 7
(494) 4
(495) 4
(496) 4
(497) 5
(498) 6
(499) 9
(500) 4
(501) 1
(502) 8
(503) 4
(504) 4
(505) 2
(506) 1
(507) 3
(508) 4
(509) 3
(510) 2
(511) 4
(512) 5
(513) 3
(514) 6
(515) 1
(516) 4
(517) 2
(518) 4
(519) 3
(520) 2
(521) 1
(522) 3
(523) 2
(524) 1
(525) 1
(526) 7
(527) 6
(528) 1
(529) 3
(530) 3
(531) 6
(532) 5
(533) 5
(534) 1
(535) 2
(536) 1
(537) 2
(538) 2
(539) 3
(540) 1
(541) 1
(542) 2
(543) 4
(544) 2
(545) 3
(546) 3
(547) 5
(548) 1
(549) 2
(550) 3
(551) 2
(552) 4
(553) 6
(554) 1
(555) 5
(556) 3
(557) 4
(558) 5
(559) 1
(560) 5
(561) 3
(562) 4
(563) 1
(564) 6
(565) 1
(567) 1
(569) 1
(570) 2
(571) 4
(572) 2
(573) 2
(574) 3
(576) 1
(577) 3
(578) 2
(579) 3
(580) 2
(581) 1
(582) 2
(584) 1
(585) 2
(586) 1
(587) 1
(588) 4
(589) 3
(590) 2
(591) 2
(592) 3
(594) 3
(595) 3
(596) 3
(597) 2
(600) 1
(601) 2
(602) 1
(603) 1
(604) 3
(605) 2
(606) 1
(607) 3
(608) 2
(609) 1
(610) 1
(612) 1
(613) 1
(614) 2
(618) 2
(619) 2
(620) 1
(621) 1
(622) 1
(623) 1
(625) 2
(626) 1
(630) 2
(631) 1
(632) 1
(633) 2
(635) 1
(636) 1
(638) 2
(641) 1
(643) 1
(644) 1
(652) 1
(654) 4
(656) 1
(657) 1
(658) 1
(659) 1
(661) 1
(662) 3
(664) 1
(667) 1
(668) 1
(669) 1
(671) 1
(675) 1
(678) 1
(679) 4
(680) 3
(681) 2
(686) 1
(687) 1
(688) 1
(689) 2
(690) 1
(691) 1
(692) 2
(695) 4
(696) 2
(697) 2
(698) 2
(703) 1
(705) 2
(707) 2
(710) 1
(714) 1
(715) 2
(717) 2
(718) 2
(719) 1
(720) 1
(721) 1
(722) 2
(723) 1
(724) 2
(729) 2
(730) 2
(731) 1
(732) 1
(734) 1
(736) 2
(740) 2
(741) 1
(742) 2
(743) 1
(744) 1
(747) 1
(750) 1
(751) 1
(753) 1
(755) 1
(756) 1
(759) 2
(763) 1
(764) 1
(765) 7
(766) 1
(767) 1
(768) 1
(769) 1
(771) 5
(774) 2
(775) 2
(776) 1
(777) 1
(779) 2
(781) 2
(782) 3
(785) 1
(786) 1
(788) 1
(791) 2
(792) 1
(794) 1
(795) 1
(798) 1
(800) 2
(802) 1
(805) 2
(807) 2
(809) 2
(810) 1
(811) 2
(813) 1
(816) 1
(817) 1
(819) 2
(820) 1
(821) 1
(824) 2
(827) 1
(828) 1
(830) 2
(831) 1
(832) 1
(835) 1
(836) 1
(837) 1
(838) 1
(839) 1
(841) 1
(842) 1
(843) 3
(845) 1
(846) 1
(847) 1
(848) 1
(852) 2
(853) 2
(854) 1
(855) 3
(857) 1
(858) 1
(859) 1
(860) 1
(861) 2
(863) 1
(869) 1
(870) 1
(871) 1
(874) 2
(876) 1
(878) 1
(879) 1
(881) 2
(883) 2
(885) 1
(886) 1
(887) 2
(890) 3
(891) 1
(893) 3
(894) 2
(895) 1
(897) 1
(900) 1
(902) 2
(903) 2
(904) 1
(906) 1
(908) 1
(913) 1
(914) 1
(918) 1
(922) 1
(923) 3
(927) 1
(929) 2
(930) 2
(932) 1
(936) 2
(939) 1
(940) 1
(941) 3
(944) 1
(945) 3
(947) 1
(950) 1
(951) 1
(952) 4
(953) 1
(954) 1
(955) 1
(956) 1
(958) 3
(960) 1
(961) 1
(962) 2
(969) 2
(970) 5
(972) 1
(974) 1
(975) 3
(976) 1
(977) 3
(980) 3
(983) 1
(985) 3
(989) 1
(991) 3
(994) 1
(995) 1
(997) 1
(998) 1
(1000) 1
(1003) 1
(1007) 1
(1009) 2
(1015) 1
(1016) 2
(1018) 1
(1019) 2
(1023) 1
(1024) 1
(1025) 1
(1027) 1
(1028) 1
(1029) 3
(1030) 2
(1034) 2
(1037) 1
(1038) 1
(1039) 1
(1040) 1
(1046) 1
(1047) 2
(1048) 3
(1054) 1
(1055) 1
(1057) 2
(1060) 1
(1065) 1
(1068) 1
(1070) 2
(1073) 1
(1074) 2
(1075) 2
(1076) 1
(1078) 2
(1081) 2
(1082) 1
(1084) 1
(1087) 1
(1089) 1
(1094) 2
(1095) 1
(1096) 1
(1097) 1
(1100) 2
(1102) 1
(1103) 1
(1104) 1
(1106) 1
(1107) 1
(1115) 2
(1118) 1
(1119) 1
(1120) 1
(1123) 1
(1126) 1
(1127) 1
(1129) 1
(1132) 2
(1133) 1
(1137) 1
(1138) 1
(1139) 1
(1140) 1
(1142) 1
(1144) 1
(1148) 3
(1153) 1
(1154) 2
(1158) 1
(1161) 1
(1163) 1
(1169) 1
(1175) 1
(1177) 1
(1179) 2
(1182) 1
(1183) 1
(1186) 1
(1188) 1
(1189) 2
(1192) 1
(1195) 2
(1197) 1
(1199) 1
(1200) 1
(1203) 1
(1209) 1
(1211) 1
(1214) 1
(1216) 1
(1219) 3
(1220) 1
(1221) 2
(1225) 1
(1226) 1
(1230) 1
(1233) 1
(1236) 1
(1237) 1
(1239) 1
(1258) 1
(1268) 1
(1272) 1
(1273) 2
(1275) 1
(1276) 1
(1296) 1
(1303) 1
(1309) 1
(1321) 1
(1322) 1
(1323) 1
(1326) 2
(1330) 1
(1334) 1
(1336) 1
(1363) 1
(1366) 1
(1367) 1
(1368) 1
(1371) 1
(1382) 1
(1387) 1
(1397) 1
(1402) 1
(1404) 1
(1407) 1
(1410) 1
(1417) 1
(1423) 1
(1430) 1
(1432) 1
(1434) 1
(1437) 1
(1439) 1
(1440) 1
(1442) 1
(1463) 1
(1479) 1
(1484) 1
(1488) 1
(1489) 1
(1492) 1
(1495) 1
(1499) 1
(1542) 1
(1543) 1
(1545) 1
(1549) 1
(1550) 1
(1558) 1
(1567) 1
(1583) 1
(1584) 2
(1608) 1
(1613) 1
(1615) 1
(1621) 1
(1634) 1
(1644) 1
(1659) 1
(1669) 1
(1671) 1
(1673) 1
(1692) 1
(1704) 1
(1746) 1
(1784) 1
(1815) 1
(1829) 1
(1852) 1
(1861) 1
(1876) 1
(1912) 1
(1934) 1
(1937) 1
(1966) 1
(1994) 1
(1999) 1
(-1) -1
