"quadD_3" (4096)
Sun Jun  3 22:44:45 2007
 2
1 long 
("nero.quadrantD.2.energy")
(0 4095) 
--------------------------------------------
(96) 701
(97) 555
(98) 457
(99) 379
(100) 271
(101) 220
(102) 202
(103) 139
(104) 136
(105) 102
(106) 86
(107) 73
(108) 68
(109) 48
(110) 41
(111) 41
(112) 31
(113) 35
(114) 34
(115) 22
(116) 20
(117) 16
(118) 12
(119) 19
(120) 20
(121) 12
(122) 16
(123) 14
(124) 9
(125) 9
(126) 13
(127) 12
(128) 10
(129) 13
(130) 8
(131) 8
(132) 7
(133) 4
(134) 7
(135) 8
(136) 8
(137) 8
(138) 4
(139) 6
(140) 2
(141) 5
(142) 8
(143) 3
(144) 3
(145) 7
(146) 5
(147) 1
(148) 7
(149) 3
(150) 11
(151) 1
(152) 5
(153) 4
(154) 2
(155) 6
(156) 4
(157) 5
(158) 1
(159) 2
(160) 2
(161) 5
(163) 1
(164) 7
(165) 3
(166) 9
(167) 5
(168) 2
(169) 3
(171) 2
(172) 7
(174) 2
(175) 3
(176) 2
(178) 2
(179) 3
(180) 6
(181) 4
(182) 4
(183) 4
(184) 2
(185) 5
(186) 2
(187) 5
(188) 1
(189) 2
(190) 4
(191) 4
(192) 2
(193) 2
(195) 2
(196) 2
(197) 2
(198) 2
(199) 3
(200) 2
(201) 2
(202) 1
(203) 1
(204) 1
(205) 1
(206) 3
(207) 2
(208) 1
(209) 1
(210) 1
(213) 2
(215) 2
(216) 3
(218) 1
(221) 1
(223) 1
(225) 2
(227) 1
(228) 1
(229) 3
(230) 3
(231) 1
(232) 1
(233) 3
(234) 2
(235) 1
(236) 3
(237) 1
(239) 1
(240) 1
(243) 1
(244) 2
(245) 1
(246) 1
(247) 2
(248) 2
(249) 2
(250) 2
(251) 1
(252) 2
(253) 1
(254) 2
(258) 1
(259) 1
(261) 1
(262) 1
(263) 1
(265) 1
(266) 2
(268) 2
(269) 1
(271) 1
(273) 2
(274) 2
(276) 1
(278) 2
(280) 1
(282) 1
(285) 2
(286) 1
(288) 1
(289) 1
(291) 1
(294) 3
(295) 2
(298) 1
(300) 1
(304) 1
(305) 1
(306) 2
(307) 2
(308) 3
(309) 2
(310) 1
(312) 1
(313) 2
(314) 2
(315) 1
(316) 1
(317) 3
(320) 1
(323) 1
(324) 3
(325) 2
(326) 1
(327) 5
(328) 1
(329) 1
(331) 2
(332) 2
(333) 1
(334) 2
(337) 1
(338) 3
(341) 3
(342) 1
(345) 1
(346) 1
(347) 1
(349) 2
(350) 1
(351) 1
(352) 1
(354) 1
(356) 2
(357) 4
(358) 2
(360) 1
(361) 1
(362) 2
(363) 1
(367) 2
(368) 1
(370) 2
(372) 1
(373) 2
(374) 1
(380) 1
(381) 1
(382) 1
(383) 1
(384) 1
(385) 2
(386) 1
(387) 1
(388) 1
(390) 1
(392) 1
(394) 1
(395) 1
(397) 1
(399) 1
(402) 1
(403) 3
(404) 2
(406) 2
(408) 1
(409) 2
(410) 2
(411) 1
(413) 1
(415) 2
(418) 1
(420) 1
(423) 2
(425) 2
(427) 1
(428) 4
(429) 1
(432) 1
(434) 1
(435) 3
(437) 3
(439) 1
(440) 3
(441) 3
(442) 4
(443) 1
(447) 3
(448) 1
(450) 4
(451) 1
(452) 1
(453) 2
(454) 3
(455) 2
(456) 3
(457) 1
(458) 1
(459) 1
(460) 1
(463) 1
(465) 1
(466) 2
(467) 2
(468) 2
(469) 1
(470) 4
(471) 1
(472) 1
(473) 4
(475) 1
(476) 3
(478) 2
(479) 1
(480) 1
(481) 1
(482) 3
(483) 1
(484) 3
(485) 2
(486) 2
(487) 2
(489) 3
(490) 3
(491) 1
(492) 1
(493) 1
(494) 1
(495) 1
(496) 4
(498) 2
(499) 3
(500) 1
(501) 1
(502) 2
(503) 4
(504) 2
(505) 5
(506) 5
(507) 6
(508) 6
(509) 3
(510) 4
(511) 7
(512) 3
(514) 3
(515) 3
(516) 2
(517) 2
(518) 5
(519) 2
(520) 1
(521) 3
(522) 5
(523) 7
(524) 5
(525) 1
(526) 7
(527) 4
(528) 10
(529) 10
(530) 4
(531) 4
(532) 7
(533) 8
(534) 3
(535) 6
(536) 9
(537) 10
(538) 8
(539) 3
(540) 5
(541) 5
(542) 8
(543) 6
(544) 4
(545) 5
(546) 9
(547) 5
(548) 4
(549) 6
(550) 15
(551) 6
(552) 16
(553) 8
(554) 12
(555) 4
(556) 10
(557) 9
(558) 12
(559) 3
(560) 9
(561) 11
(562) 11
(563) 14
(564) 8
(565) 7
(566) 6
(567) 7
(568) 9
(569) 7
(570) 7
(571) 7
(572) 11
(573) 13
(574) 9
(575) 11
(576) 11
(577) 8
(578) 4
(579) 6
(580) 13
(581) 2
(582) 7
(583) 12
(584) 9
(585) 9
(586) 8
(587) 11
(588) 3
(589) 7
(590) 10
(591) 7
(592) 6
(593) 5
(594) 4
(595) 6
(596) 3
(597) 5
(598) 6
(599) 5
(600) 3
(601) 3
(602) 4
(603) 4
(604) 5
(606) 4
(607) 4
(608) 1
(609) 4
(610) 1
(612) 1
(613) 1
(614) 1
(615) 4
(617) 1
(619) 1
(621) 1
(622) 2
(626) 1
(627) 1
(632) 1
(638) 1
(652) 1
(655) 1
(661) 1
(683) 1
(731) 1
(738) 1
(748) 1
(753) 1
(757) 1
(776) 1
(800) 1
(811) 1
(821) 1
(840) 1
(856) 1
(875) 1
(893) 1
(897) 1
(927) 1
(935) 1
(940) 1
(948) 1
(954) 1
(962) 1
(989) 1
(990) 1
(993) 1
(1014) 1
(1059) 1
(1060) 1
(1061) 1
(1077) 1
(1081) 1
(1114) 1
(1153) 1
(1163) 1
(1177) 1
(1197) 1
(1200) 1
(1221) 1
(1229) 1
(1235) 1
(1250) 1
(1272) 1
(1319) 1
(1339) 1
(1355) 1
(1390) 2
(1402) 1
(1412) 1
(1491) 1
(1500) 1
(1527) 1
(1557) 1
(1584) 1
(1597) 1
(1604) 1
(1607) 2
(1635) 1
(1654) 1
(1657) 1
(1679) 1
(1701) 1
(1709) 1
(1728) 1
(1744) 1
(1749) 1
(1782) 2
(1784) 1
(1788) 1
(1794) 1
(1795) 1
(1797) 1
(1813) 1
(1823) 1
(1841) 1
(1883) 1
(1912) 1
(1932) 1
(1983) 1
(2003) 1
(2011) 1
(2060) 1
(2065) 1
(2089) 1
(2092) 1
(2094) 1
(2109) 1
(2114) 1
(2152) 1
(2159) 1
(2162) 1
(2172) 1
(2173) 1
(2181) 1
(2185) 1
(2226) 1
(2263) 1
(2264) 1
(2311) 1
(2314) 1
(2315) 1
(2316) 1
(2328) 1
(2330) 1
(2390) 1
(2393) 1
(2420) 1
(2423) 1
(2426) 1
(2429) 1
(2430) 1
(2450) 1
(2462) 1
(2465) 1
(2469) 1
(2478) 1
(2494) 1
(2509) 2
(2526) 1
(2555) 1
(2583) 1
(2592) 1
(2599) 1
(2625) 1
(2630) 1
(2679) 1
(2690) 1
(2696) 1
(2703) 1
(2709) 1
(2711) 1
(2743) 1
(2745) 1
(2768) 1
(2791) 1
(2804) 1
(2810) 1
(2828) 1
(2829) 1
(2832) 1
(2861) 1
(2895) 1
(2897) 1
(2905) 1
(2910) 1
(2922) 1
(2948) 1
(2995) 1
(3007) 1
(3021) 1
(3049) 1
(3156) 1
(3175) 1
(3201) 1
(3207) 1
(3243) 1
(3280) 1
(3320) 1
(3390) 1
(3399) 1
(3422) 1
(3463) 1
(3499) 1
(3503) 1
(3540) 1
(3541) 1
(3555) 1
(3613) 1
(3647) 1
(3654) 1
(3715) 1
(3720) 1
(3725) 1
(3762) 1
(3767) 1
(3809) 1
(3827) 1
(3865) 1
(3871) 1
(-1) -1
