"crs_qdc_01_energy" (4096)
Wed Jun 18 09:40:08 2008
 3
1 long 
("crs.qdc.1.energy")
(0 4096) 
--------------------------------------------
(0) 2
(2) 1
(3) 2
(4) 1
(6) 3
(7) 3
(9) 1
(10) 1
(12) 4
(13) 2
(14) 1
(16) 2
(18) 2
(19) 1
(21) 2
(22) 4
(23) 1
(26) 2
(27) 4
(28) 1
(30) 4
(31) 3
(32) 2
(33) 2
(34) 2
(35) 1
(37) 4
(38) 2
(39) 2
(40) 4
(41) 1
(42) 1
(43) 2
(44) 5
(45) 4
(46) 1
(47) 4
(48) 41
(49) 112
(50) 152
(51) 6506
(52) 34038
(53) 30331
(54) 24427
(55) 19995
(56) 17855
(57) 17872
(58) 300366
(59) 380167
(60) 97710
(61) 68505
(62) 56464
(63) 60842
(64) 68535
(65) 77601
(66) 103164
(67) 120525
(68) 84101
(69) 85841
(70) 76928
(71) 30629
(72) 5984
(73) 1786
(74) 861
(75) 665
(76) 663
(77) 704
(78) 708
(79) 653
(80) 651
(81) 696
(82) 682
(83) 660
(84) 675
(85) 656
(86) 621
(87) 664
(88) 608
(89) 645
(90) 606
(91) 682
(92) 645
(93) 673
(94) 666
(95) 668
(96) 657
(97) 656
(98) 706
(99) 691
(100) 648
(101) 672
(102) 686
(103) 690
(104) 702
(105) 686
(106) 749
(107) 746
(108) 696
(109) 745
(110) 719
(111) 697
(112) 678
(113) 708
(114) 710
(115) 741
(116) 743
(117) 725
(118) 733
(119) 745
(120) 744
(121) 742
(122) 740
(123) 736
(124) 720
(125) 699
(126) 753
(127) 784
(128) 721
(129) 740
(130) 765
(131) 714
(132) 744
(133) 708
(134) 711
(135) 732
(136) 711
(137) 678
(138) 725
(139) 716
(140) 740
(141) 685
(142) 680
(143) 675
(144) 687
(145) 748
(146) 691
(147) 711
(148) 678
(149) 727
(150) 684
(151) 737
(152) 706
(153) 680
(154) 687
(155) 720
(156) 678
(157) 691
(158) 698
(159) 714
(160) 701
(161) 735
(162) 731
(163) 676
(164) 677
(165) 754
(166) 625
(167) 719
(168) 718
(169) 698
(170) 767
(171) 669
(172) 711
(173) 679
(174) 733
(175) 638
(176) 675
(177) 691
(178) 725
(179) 698
(180) 688
(181) 691
(182) 664
(183) 714
(184) 712
(185) 648
(186) 694
(187) 676
(188) 705
(189) 652
(190) 719
(191) 718
(192) 715
(193) 698
(194) 738
(195) 673
(196) 737
(197) 714
(198) 655
(199) 685
(200) 700
(201) 700
(202) 693
(203) 697
(204) 649
(205) 658
(206) 698
(207) 711
(208) 701
(209) 724
(210) 731
(211) 697
(212) 692
(213) 682
(214) 725
(215) 715
(216) 729
(217) 660
(218) 714
(219) 699
(220) 752
(221) 740
(222) 731
(223) 711
(224) 732
(225) 747
(226) 776
(227) 755
(228) 735
(229) 772
(230) 759
(231) 719
(232) 726
(233) 740
(234) 806
(235) 728
(236) 727
(237) 761
(238) 777
(239) 743
(240) 732
(241) 739
(242) 735
(243) 752
(244) 767
(245) 767
(246) 752
(247) 762
(248) 769
(249) 740
(250) 778
(251) 792
(252) 770
(253) 804
(254) 795
(255) 751
(256) 799
(257) 831
(258) 815
(259) 789
(260) 791
(261) 845
(262) 823
(263) 829
(264) 802
(265) 781
(266) 846
(267) 820
(268) 831
(269) 787
(270) 817
(271) 861
(272) 862
(273) 876
(274) 822
(275) 816
(276) 889
(277) 828
(278) 835
(279) 925
(280) 860
(281) 890
(282) 846
(283) 883
(284) 921
(285) 868
(286) 911
(287) 928
(288) 919
(289) 937
(290) 910
(291) 905
(292) 943
(293) 920
(294) 930
(295) 893
(296) 960
(297) 913
(298) 990
(299) 948
(300) 916
(301) 956
(302) 1002
(303) 975
(304) 966
(305) 965
(306) 973
(307) 966
(308) 971
(309) 1008
(310) 978
(311) 1043
(312) 1033
(313) 1014
(314) 1038
(315) 1077
(316) 1056
(317) 1066
(318) 1046
(319) 1036
(320) 1056
(321) 1067
(322) 1058
(323) 1084
(324) 1062
(325) 1085
(326) 1140
(327) 1082
(328) 1084
(329) 1129
(330) 1122
(331) 1162
(332) 1124
(333) 1187
(334) 1143
(335) 1154
(336) 1206
(337) 1171
(338) 1214
(339) 1177
(340) 1134
(341) 1147
(342) 1200
(343) 1163
(344) 1260
(345) 1235
(346) 1258
(347) 1324
(348) 1288
(349) 1341
(350) 1232
(351) 1244
(352) 1279
(353) 1301
(354) 1282
(355) 1364
(356) 1274
(357) 1305
(358) 1238
(359) 1348
(360) 1332
(361) 1360
(362) 1328
(363) 1405
(364) 1390
(365) 1381
(366) 1429
(367) 1393
(368) 1385
(369) 1421
(370) 1473
(371) 1476
(372) 1433
(373) 1456
(374) 1478
(375) 1504
(376) 1549
(377) 1613
(378) 1575
(379) 1606
(380) 1531
(381) 1635
(382) 1689
(383) 1664
(384) 1680
(385) 1645
(386) 1580
(387) 1656
(388) 1739
(389) 1700
(390) 1761
(391) 1708
(392) 1864
(393) 1801
(394) 1840
(395) 1806
(396) 1888
(397) 1848
(398) 1851
(399) 1894
(400) 1932
(401) 1839
(402) 1925
(403) 1945
(404) 1878
(405) 1966
(406) 1911
(407) 1970
(408) 1919
(409) 1959
(410) 2023
(411) 1960
(412) 2032
(413) 1937
(414) 1943
(415) 2079
(416) 2006
(417) 2096
(418) 2120
(419) 2041
(420) 2087
(421) 2100
(422) 2075
(423) 2051
(424) 2056
(425) 2172
(426) 2166
(427) 2077
(428) 2137
(429) 2080
(430) 2247
(431) 2145
(432) 2082
(433) 2240
(434) 2144
(435) 2142
(436) 2265
(437) 2206
(438) 2215
(439) 2170
(440) 2175
(441) 2218
(442) 2242
(443) 2254
(444) 2266
(445) 2279
(446) 2178
(447) 2165
(448) 2198
(449) 2152
(450) 2136
(451) 2180
(452) 2240
(453) 2265
(454) 2307
(455) 2223
(456) 2238
(457) 2245
(458) 2241
(459) 2287
(460) 2265
(461) 2304
(462) 2211
(463) 2318
(464) 2338
(465) 2393
(466) 2292
(467) 2366
(468) 2315
(469) 2317
(470) 2290
(471) 2222
(472) 2290
(473) 2323
(474) 2335
(475) 2361
(476) 2375
(477) 2358
(478) 2352
(479) 2383
(480) 2375
(481) 2349
(482) 2286
(483) 2318
(484) 2325
(485) 2494
(486) 2451
(487) 2377
(488) 2452
(489) 2394
(490) 2350
(491) 2525
(492) 2327
(493) 2332
(494) 2385
(495) 2403
(496) 2370
(497) 2391
(498) 2450
(499) 2452
(500) 2438
(501) 2528
(502) 2486
(503) 2452
(504) 2440
(505) 2453
(506) 2471
(507) 2617
(508) 2608
(509) 2515
(510) 2496
(511) 2546
(512) 2434
(513) 2481
(514) 2480
(515) 2586
(516) 2585
(517) 2627
(518) 2481
(519) 2487
(520) 2502
(521) 2537
(522) 2526
(523) 2614
(524) 2566
(525) 2506
(526) 2674
(527) 2548
(528) 2584
(529) 2561
(530) 2470
(531) 2610
(532) 2559
(533) 2713
(534) 2650
(535) 2614
(536) 2585
(537) 2667
(538) 2651
(539) 2678
(540) 2648
(541) 2669
(542) 2690
(543) 2649
(544) 2647
(545) 2548
(546) 2658
(547) 2686
(548) 2668
(549) 2778
(550) 2676
(551) 2655
(552) 2679
(553) 2748
(554) 2757
(555) 2775
(556) 2768
(557) 2764
(558) 2670
(559) 2690
(560) 2780
(561) 2690
(562) 2670
(563) 2733
(564) 2738
(565) 2756
(566) 2691
(567) 2764
(568) 2813
(569) 2779
(570) 2773
(571) 2788
(572) 2795
(573) 2871
(574) 2762
(575) 2816
(576) 2897
(577) 2830
(578) 2905
(579) 2761
(580) 2771
(581) 2759
(582) 2867
(583) 2881
(584) 2789
(585) 2897
(586) 2821
(587) 2891
(588) 2868
(589) 2814
(590) 2869
(591) 2856
(592) 2911
(593) 2886
(594) 2977
(595) 2939
(596) 2870
(597) 2909
(598) 2844
(599) 2854
(600) 2820
(601) 2999
(602) 2866
(603) 2898
(604) 2944
(605) 3013
(606) 2935
(607) 3011
(608) 2913
(609) 3007
(610) 2961
(611) 2832
(612) 2949
(613) 2984
(614) 3062
(615) 2960
(616) 2982
(617) 2908
(618) 3103
(619) 3004
(620) 3074
(621) 3058
(622) 3033
(623) 2852
(624) 3045
(625) 2970
(626) 2991
(627) 3018
(628) 3086
(629) 3046
(630) 2980
(631) 3041
(632) 2979
(633) 3042
(634) 3047
(635) 3027
(636) 3070
(637) 2997
(638) 3025
(639) 3098
(640) 3129
(641) 3008
(642) 3134
(643) 3018
(644) 3143
(645) 3072
(646) 3069
(647) 3107
(648) 3069
(649) 3182
(650) 3125
(651) 3142
(652) 3138
(653) 3191
(654) 3126
(655) 3187
(656) 3163
(657) 3190
(658) 3073
(659) 3133
(660) 3183
(661) 3283
(662) 3083
(663) 3233
(664) 3179
(665) 3211
(666) 3226
(667) 3114
(668) 3215
(669) 3107
(670) 3200
(671) 3163
(672) 3269
(673) 3245
(674) 3195
(675) 3205
(676) 3160
(677) 3173
(678) 3259
(679) 3163
(680) 3143
(681) 3185
(682) 3262
(683) 3258
(684) 3143
(685) 3316
(686) 3338
(687) 3234
(688) 3241
(689) 3331
(690) 3271
(691) 3206
(692) 3306
(693) 3153
(694) 3336
(695) 3334
(696) 3327
(697) 3222
(698) 3325
(699) 3256
(700) 3260
(701) 3217
(702) 3351
(703) 3278
(704) 3308
(705) 3332
(706) 3323
(707) 3386
(708) 3387
(709) 3330
(710) 3412
(711) 3375
(712) 3421
(713) 3331
(714) 3355
(715) 3415
(716) 3223
(717) 3283
(718) 3433
(719) 3302
(720) 3371
(721) 3291
(722) 3357
(723) 3378
(724) 3271
(725) 3357
(726) 3375
(727) 3345
(728) 3342
(729) 3300
(730) 3441
(731) 3293
(732) 3326
(733) 3495
(734) 3478
(735) 3479
(736) 3410
(737) 3342
(738) 3398
(739) 3352
(740) 3383
(741) 3368
(742) 3387
(743) 3409
(744) 3371
(745) 3427
(746) 3430
(747) 3436
(748) 3369
(749) 3426
(750) 3326
(751) 3408
(752) 3319
(753) 3482
(754) 3442
(755) 3249
(756) 3397
(757) 3290
(758) 3409
(759) 3397
(760) 3344
(761) 3343
(762) 3425
(763) 3379
(764) 3378
(765) 3374
(766) 3333
(767) 3460
(768) 3432
(769) 3388
(770) 3335
(771) 3412
(772) 3426
(773) 3410
(774) 3388
(775) 3391
(776) 3526
(777) 3412
(778) 3397
(779) 3470
(780) 3280
(781) 3327
(782) 3440
(783) 3533
(784) 3409
(785) 3374
(786) 3406
(787) 3338
(788) 3380
(789) 3444
(790) 3345
(791) 3354
(792) 3373
(793) 3474
(794) 3361
(795) 3383
(796) 3353
(797) 3468
(798) 3478
(799) 3385
(800) 3392
(801) 3446
(802) 3458
(803) 3424
(804) 3436
(805) 3367
(806) 3404
(807) 3460
(808) 3439
(809) 3410
(810) 3416
(811) 3332
(812) 3391
(813) 3320
(814) 3371
(815) 3303
(816) 3378
(817) 3414
(818) 3319
(819) 3367
(820) 3462
(821) 3410
(822) 3376
(823) 3393
(824) 3421
(825) 3360
(826) 3271
(827) 3399
(828) 3462
(829) 3354
(830) 3290
(831) 3350
(832) 3343
(833) 3417
(834) 3403
(835) 3414
(836) 3317
(837) 3335
(838) 3406
(839) 3313
(840) 3363
(841) 3373
(842) 3329
(843) 3357
(844) 3423
(845) 3319
(846) 3361
(847) 3351
(848) 3252
(849) 3220
(850) 3381
(851) 3333
(852) 3402
(853) 3364
(854) 3297
(855) 3316
(856) 3270
(857) 3338
(858) 3269
(859) 3273
(860) 3324
(861) 3289
(862) 3311
(863) 3305
(864) 3358
(865) 3358
(866) 3256
(867) 3325
(868) 3353
(869) 3251
(870) 3223
(871) 3212
(872) 3335
(873) 3336
(874) 3385
(875) 3353
(876) 3288
(877) 3319
(878) 3322
(879) 3314
(880) 3224
(881) 3347
(882) 3198
(883) 3285
(884) 3280
(885) 3220
(886) 3155
(887) 3245
(888) 3281
(889) 3329
(890) 3202
(891) 3233
(892) 3243
(893) 3222
(894) 3295
(895) 3258
(896) 3128
(897) 3234
(898) 3174
(899) 3192
(900) 3242
(901) 3242
(902) 3139
(903) 3184
(904) 3146
(905) 3206
(906) 3150
(907) 3140
(908) 3059
(909) 3132
(910) 3205
(911) 3158
(912) 3129
(913) 3168
(914) 3158
(915) 3116
(916) 3254
(917) 3062
(918) 3085
(919) 3211
(920) 3103
(921) 3092
(922) 3135
(923) 3134
(924) 3031
(925) 3130
(926) 3211
(927) 3055
(928) 3037
(929) 3215
(930) 3077
(931) 3078
(932) 3042
(933) 3078
(934) 3026
(935) 3123
(936) 3085
(937) 3078
(938) 2900
(939) 2985
(940) 3004
(941) 3014
(942) 3000
(943) 3025
(944) 3024
(945) 2987
(946) 3034
(947) 3044
(948) 3026
(949) 2946
(950) 2905
(951) 2997
(952) 3067
(953) 3009
(954) 2949
(955) 2998
(956) 2883
(957) 3022
(958) 2987
(959) 2917
(960) 3058
(961) 3002
(962) 2957
(963) 2943
(964) 2894
(965) 2969
(966) 2951
(967) 2964
(968) 2967
(969) 2922
(970) 2858
(971) 2800
(972) 2866
(973) 2887
(974) 2880
(975) 2838
(976) 2893
(977) 2733
(978) 2821
(979) 2919
(980) 2768
(981) 2812
(982) 2802
(983) 2736
(984) 2818
(985) 2805
(986) 2824
(987) 2799
(988) 2907
(989) 2880
(990) 2711
(991) 2744
(992) 2756
(993) 2768
(994) 2743
(995) 2728
(996) 2772
(997) 2772
(998) 2774
(999) 2820
(1000) 2738
(1001) 2748
(1002) 2720
(1003) 2821
(1004) 2731
(1005) 2759
(1006) 2699
(1007) 2765
(1008) 2720
(1009) 2781
(1010) 2692
(1011) 2616
(1012) 2622
(1013) 2698
(1014) 2732
(1015) 2709
(1016) 2653
(1017) 2560
(1018) 2686
(1019) 2687
(1020) 2696
(1021) 2731
(1022) 2664
(1023) 2745
(1024) 2730
(1025) 2636
(1026) 2592
(1027) 2628
(1028) 2538
(1029) 2643
(1030) 2628
(1031) 2621
(1032) 2655
(1033) 2572
(1034) 2482
(1035) 2562
(1036) 2545
(1037) 2590
(1038) 2498
(1039) 2578
(1040) 2511
(1041) 2611
(1042) 2486
(1043) 2464
(1044) 2578
(1045) 2637
(1046) 2532
(1047) 2557
(1048) 2639
(1049) 2493
(1050) 2466
(1051) 2527
(1052) 2531
(1053) 2542
(1054) 2443
(1055) 2439
(1056) 2455
(1057) 2495
(1058) 2499
(1059) 2490
(1060) 2496
(1061) 2383
(1062) 2523
(1063) 2425
(1064) 2422
(1065) 2502
(1066) 2396
(1067) 2439
(1068) 2492
(1069) 2498
(1070) 2372
(1071) 2442
(1072) 2474
(1073) 2270
(1074) 2490
(1075) 2456
(1076) 2346
(1077) 2456
(1078) 2354
(1079) 2332
(1080) 2317
(1081) 2425
(1082) 2341
(1083) 2365
(1084) 2334
(1085) 2358
(1086) 2442
(1087) 2308
(1088) 2341
(1089) 2408
(1090) 2286
(1091) 2355
(1092) 2259
(1093) 2282
(1094) 2249
(1095) 2269
(1096) 2348
(1097) 2293
(1098) 2344
(1099) 2218
(1100) 2288
(1101) 2140
(1102) 2299
(1103) 2275
(1104) 2208
(1105) 2263
(1106) 2233
(1107) 2226
(1108) 2217
(1109) 2248
(1110) 2190
(1111) 2186
(1112) 2156
(1113) 2184
(1114) 2244
(1115) 2174
(1116) 2212
(1117) 2189
(1118) 2146
(1119) 2162
(1120) 2251
(1121) 2187
(1122) 2171
(1123) 2057
(1124) 2106
(1125) 2081
(1126) 2098
(1127) 2209
(1128) 2145
(1129) 2244
(1130) 2116
(1131) 2057
(1132) 2087
(1133) 2084
(1134) 2045
(1135) 2089
(1136) 2046
(1137) 2088
(1138) 2116
(1139) 2075
(1140) 2087
(1141) 2137
(1142) 2033
(1143) 2036
(1144) 2047
(1145) 2007
(1146) 2030
(1147) 1962
(1148) 2062
(1149) 2107
(1150) 2095
(1151) 2040
(1152) 2034
(1153) 2028
(1154) 1903
(1155) 1968
(1156) 1924
(1157) 2048
(1158) 2049
(1159) 1924
(1160) 1977
(1161) 1930
(1162) 1950
(1163) 1929
(1164) 2004
(1165) 1952
(1166) 1958
(1167) 1902
(1168) 1924
(1169) 1961
(1170) 1926
(1171) 1936
(1172) 1891
(1173) 1886
(1174) 1888
(1175) 1995
(1176) 1898
(1177) 1879
(1178) 1861
(1179) 1910
(1180) 1873
(1181) 1837
(1182) 1841
(1183) 1878
(1184) 1913
(1185) 1892
(1186) 1834
(1187) 1806
(1188) 1883
(1189) 1923
(1190) 1819
(1191) 1840
(1192) 1903
(1193) 1769
(1194) 1904
(1195) 1829
(1196) 1806
(1197) 1828
(1198) 1860
(1199) 1800
(1200) 1809
(1201) 1742
(1202) 1798
(1203) 1768
(1204) 1759
(1205) 1775
(1206) 1855
(1207) 1773
(1208) 1824
(1209) 1747
(1210) 1753
(1211) 1709
(1212) 1812
(1213) 1748
(1214) 1786
(1215) 1727
(1216) 1750
(1217) 1694
(1218) 1691
(1219) 1665
(1220) 1716
(1221) 1714
(1222) 1651
(1223) 1692
(1224) 1642
(1225) 1687
(1226) 1794
(1227) 1694
(1228) 1714
(1229) 1668
(1230) 1621
(1231) 1705
(1232) 1656
(1233) 1714
(1234) 1642
(1235) 1645
(1236) 1639
(1237) 1696
(1238) 1667
(1239) 1661
(1240) 1594
(1241) 1548
(1242) 1643
(1243) 1611
(1244) 1663
(1245) 1580
(1246) 1619
(1247) 1632
(1248) 1605
(1249) 1623
(1250) 1565
(1251) 1577
(1252) 1561
(1253) 1478
(1254) 1563
(1255) 1563
(1256) 1576
(1257) 1524
(1258) 1554
(1259) 1551
(1260) 1607
(1261) 1566
(1262) 1560
(1263) 1534
(1264) 1569
(1265) 1604
(1266) 1533
(1267) 1551
(1268) 1535
(1269) 1560
(1270) 1498
(1271) 1562
(1272) 1528
(1273) 1537
(1274) 1521
(1275) 1512
(1276) 1469
(1277) 1382
(1278) 1494
(1279) 1450
(1280) 1411
(1281) 1461
(1282) 1477
(1283) 1479
(1284) 1521
(1285) 1447
(1286) 1429
(1287) 1444
(1288) 1428
(1289) 1506
(1290) 1408
(1291) 1436
(1292) 1419
(1293) 1461
(1294) 1427
(1295) 1434
(1296) 1425
(1297) 1400
(1298) 1421
(1299) 1454
(1300) 1386
(1301) 1404
(1302) 1392
(1303) 1385
(1304) 1421
(1305) 1457
(1306) 1312
(1307) 1372
(1308) 1422
(1309) 1370
(1310) 1369
(1311) 1342
(1312) 1329
(1313) 1343
(1314) 1380
(1315) 1425
(1316) 1352
(1317) 1406
(1318) 1392
(1319) 1311
(1320) 1312
(1321) 1286
(1322) 1274
(1323) 1330
(1324) 1361
(1325) 1385
(1326) 1308
(1327) 1315
(1328) 1273
(1329) 1346
(1330) 1270
(1331) 1333
(1332) 1307
(1333) 1279
(1334) 1244
(1335) 1203
(1336) 1213
(1337) 1289
(1338) 1246
(1339) 1322
(1340) 1355
(1341) 1201
(1342) 1244
(1343) 1250
(1344) 1241
(1345) 1261
(1346) 1289
(1347) 1274
(1348) 1272
(1349) 1198
(1350) 1232
(1351) 1270
(1352) 1278
(1353) 1203
(1354) 1173
(1355) 1178
(1356) 1214
(1357) 1251
(1358) 1207
(1359) 1213
(1360) 1125
(1361) 1254
(1362) 1198
(1363) 1174
(1364) 1191
(1365) 1169
(1366) 1244
(1367) 1180
(1368) 1142
(1369) 1174
(1370) 1152
(1371) 1139
(1372) 1270
(1373) 1141
(1374) 1232
(1375) 1188
(1376) 1125
(1377) 1129
(1378) 1132
(1379) 1234
(1380) 1164
(1381) 1110
(1382) 1169
(1383) 1148
(1384) 1120
(1385) 1092
(1386) 1096
(1387) 1099
(1388) 1122
(1389) 1116
(1390) 1186
(1391) 1083
(1392) 1161
(1393) 1101
(1394) 1052
(1395) 1091
(1396) 1055
(1397) 1117
(1398) 1129
(1399) 1109
(1400) 1098
(1401) 1119
(1402) 1105
(1403) 1083
(1404) 1113
(1405) 1123
(1406) 1049
(1407) 1126
(1408) 1066
(1409) 1036
(1410) 1050
(1411) 1069
(1412) 1092
(1413) 1019
(1414) 1050
(1415) 1096
(1416) 1077
(1417) 1081
(1418) 1084
(1419) 1053
(1420) 1106
(1421) 1023
(1422) 994
(1423) 1055
(1424) 1082
(1425) 1055
(1426) 1076
(1427) 1007
(1428) 1039
(1429) 992
(1430) 1027
(1431) 1073
(1432) 1008
(1433) 992
(1434) 1015
(1435) 1076
(1436) 969
(1437) 1016
(1438) 1021
(1439) 1023
(1440) 1029
(1441) 1002
(1442) 991
(1443) 1009
(1444) 1060
(1445) 975
(1446) 941
(1447) 984
(1448) 1036
(1449) 993
(1450) 964
(1451) 989
(1452) 981
(1453) 1031
(1454) 944
(1455) 966
(1456) 916
(1457) 938
(1458) 899
(1459) 913
(1460) 969
(1461) 914
(1462) 925
(1463) 967
(1464) 883
(1465) 981
(1466) 938
(1467) 890
(1468) 905
(1469) 946
(1470) 926
(1471) 919
(1472) 881
(1473) 851
(1474) 935
(1475) 898
(1476) 928
(1477) 889
(1478) 915
(1479) 913
(1480) 979
(1481) 906
(1482) 913
(1483) 883
(1484) 877
(1485) 897
(1486) 922
(1487) 882
(1488) 921
(1489) 882
(1490) 897
(1491) 860
(1492) 861
(1493) 858
(1494) 920
(1495) 872
(1496) 904
(1497) 859
(1498) 862
(1499) 880
(1500) 888
(1501) 860
(1502) 850
(1503) 812
(1504) 815
(1505) 842
(1506) 831
(1507) 847
(1508) 859
(1509) 839
(1510) 830
(1511) 862
(1512) 886
(1513) 846
(1514) 802
(1515) 794
(1516) 800
(1517) 845
(1518) 818
(1519) 839
(1520) 843
(1521) 847
(1522) 841
(1523) 842
(1524) 779
(1525) 807
(1526) 814
(1527) 835
(1528) 791
(1529) 786
(1530) 780
(1531) 768
(1532) 789
(1533) 781
(1534) 788
(1535) 803
(1536) 763
(1537) 839
(1538) 784
(1539) 828
(1540) 816
(1541) 831
(1542) 777
(1543) 746
(1544) 840
(1545) 769
(1546) 750
(1547) 758
(1548) 745
(1549) 780
(1550) 743
(1551) 767
(1552) 756
(1553) 743
(1554) 736
(1555) 765
(1556) 737
(1557) 741
(1558) 786
(1559) 806
(1560) 729
(1561) 719
(1562) 812
(1563) 753
(1564) 763
(1565) 747
(1566) 762
(1567) 742
(1568) 729
(1569) 759
(1570) 754
(1571) 734
(1572) 717
(1573) 751
(1574) 716
(1575) 751
(1576) 698
(1577) 736
(1578) 728
(1579) 778
(1580) 707
(1581) 662
(1582) 739
(1583) 732
(1584) 648
(1585) 694
(1586) 699
(1587) 681
(1588) 667
(1589) 745
(1590) 717
(1591) 696
(1592) 732
(1593) 680
(1594) 699
(1595) 731
(1596) 680
(1597) 695
(1598) 699
(1599) 715
(1600) 735
(1601) 669
(1602) 734
(1603) 637
(1604) 645
(1605) 662
(1606) 704
(1607) 644
(1608) 650
(1609) 670
(1610) 683
(1611) 676
(1612) 672
(1613) 639
(1614) 664
(1615) 660
(1616) 649
(1617) 693
(1618) 641
(1619) 652
(1620) 657
(1621) 619
(1622) 657
(1623) 624
(1624) 710
(1625) 638
(1626) 670
(1627) 651
(1628) 684
(1629) 659
(1630) 640
(1631) 657
(1632) 610
(1633) 602
(1634) 593
(1635) 602
(1636) 666
(1637) 666
(1638) 654
(1639) 632
(1640) 632
(1641) 642
(1642) 604
(1643) 659
(1644) 639
(1645) 603
(1646) 607
(1647) 652
(1648) 599
(1649) 634
(1650) 584
(1651) 630
(1652) 543
(1653) 631
(1654) 616
(1655) 615
(1656) 631
(1657) 614
(1658) 648
(1659) 626
(1660) 656
(1661) 593
(1662) 598
(1663) 568
(1664) 592
(1665) 588
(1666) 595
(1667) 592
(1668) 598
(1669) 620
(1670) 577
(1671) 619
(1672) 569
(1673) 590
(1674) 606
(1675) 597
(1676) 603
(1677) 550
(1678) 573
(1679) 542
(1680) 590
(1681) 603
(1682) 585
(1683) 557
(1684) 563
(1685) 518
(1686) 570
(1687) 579
(1688) 557
(1689) 570
(1690) 571
(1691) 561
(1692) 563
(1693) 557
(1694) 557
(1695) 592
(1696) 568
(1697) 613
(1698) 576
(1699) 537
(1700) 524
(1701) 559
(1702) 614
(1703) 588
(1704) 551
(1705) 530
(1706) 567
(1707) 563
(1708) 560
(1709) 529
(1710) 538
(1711) 547
(1712) 555
(1713) 551
(1714) 577
(1715) 602
(1716) 481
(1717) 559
(1718) 539
(1719) 516
(1720) 523
(1721) 568
(1722) 561
(1723) 515
(1724) 579
(1725) 574
(1726) 541
(1727) 527
(1728) 560
(1729) 514
(1730) 531
(1731) 531
(1732) 556
(1733) 525
(1734) 544
(1735) 535
(1736) 507
(1737) 537
(1738) 547
(1739) 522
(1740) 527
(1741) 500
(1742) 504
(1743) 517
(1744) 536
(1745) 520
(1746) 519
(1747) 506
(1748) 482
(1749) 558
(1750) 525
(1751) 513
(1752) 484
(1753) 478
(1754) 511
(1755) 487
(1756) 503
(1757) 499
(1758) 492
(1759) 486
(1760) 447
(1761) 489
(1762) 491
(1763) 508
(1764) 550
(1765) 497
(1766) 501
(1767) 498
(1768) 520
(1769) 497
(1770) 491
(1771) 513
(1772) 520
(1773) 541
(1774) 503
(1775) 508
(1776) 471
(1777) 477
(1778) 493
(1779) 477
(1780) 457
(1781) 509
(1782) 475
(1783) 516
(1784) 472
(1785) 469
(1786) 491
(1787) 484
(1788) 513
(1789) 480
(1790) 490
(1791) 455
(1792) 490
(1793) 513
(1794) 483
(1795) 489
(1796) 443
(1797) 510
(1798) 504
(1799) 486
(1800) 434
(1801) 500
(1802) 459
(1803) 489
(1804) 462
(1805) 503
(1806) 474
(1807) 478
(1808) 474
(1809) 556
(1810) 463
(1811) 460
(1812) 423
(1813) 447
(1814) 481
(1815) 481
(1816) 433
(1817) 448
(1818) 420
(1819) 483
(1820) 450
(1821) 434
(1822) 466
(1823) 487
(1824) 459
(1825) 479
(1826) 456
(1827) 442
(1828) 451
(1829) 447
(1830) 456
(1831) 452
(1832) 440
(1833) 434
(1834) 417
(1835) 464
(1836) 432
(1837) 454
(1838) 464
(1839) 441
(1840) 477
(1841) 433
(1842) 454
(1843) 455
(1844) 434
(1845) 444
(1846) 397
(1847) 464
(1848) 426
(1849) 422
(1850) 464
(1851) 440
(1852) 441
(1853) 432
(1854) 432
(1855) 482
(1856) 411
(1857) 479
(1858) 431
(1859) 436
(1860) 445
(1861) 419
(1862) 451
(1863) 417
(1864) 430
(1865) 463
(1866) 429
(1867) 427
(1868) 401
(1869) 417
(1870) 399
(1871) 436
(1872) 465
(1873) 457
(1874) 421
(1875) 419
(1876) 393
(1877) 450
(1878) 411
(1879) 433
(1880) 446
(1881) 403
(1882) 452
(1883) 391
(1884) 422
(1885) 450
(1886) 394
(1887) 482
(1888) 400
(1889) 392
(1890) 434
(1891) 402
(1892) 424
(1893) 387
(1894) 407
(1895) 411
(1896) 438
(1897) 452
(1898) 390
(1899) 369
(1900) 424
(1901) 413
(1902) 398
(1903) 398
(1904) 395
(1905) 427
(1906) 446
(1907) 423
(1908) 395
(1909) 397
(1910) 369
(1911) 378
(1912) 418
(1913) 418
(1914) 379
(1915) 405
(1916) 429
(1917) 383
(1918) 419
(1919) 394
(1920) 415
(1921) 366
(1922) 390
(1923) 402
(1924) 391
(1925) 418
(1926) 427
(1927) 376
(1928) 420
(1929) 352
(1930) 430
(1931) 435
(1932) 413
(1933) 450
(1934) 385
(1935) 382
(1936) 369
(1937) 402
(1938) 405
(1939) 389
(1940) 393
(1941) 363
(1942) 405
(1943) 375
(1944) 389
(1945) 388
(1946) 369
(1947) 388
(1948) 380
(1949) 437
(1950) 403
(1951) 415
(1952) 387
(1953) 378
(1954) 354
(1955) 394
(1956) 395
(1957) 386
(1958) 402
(1959) 394
(1960) 361
(1961) 406
(1962) 388
(1963) 371
(1964) 399
(1965) 393
(1966) 409
(1967) 390
(1968) 351
(1969) 400
(1970) 353
(1971) 402
(1972) 359
(1973) 410
(1974) 384
(1975) 376
(1976) 399
(1977) 364
(1978) 354
(1979) 390
(1980) 407
(1981) 355
(1982) 404
(1983) 368
(1984) 388
(1985) 365
(1986) 382
(1987) 384
(1988) 378
(1989) 406
(1990) 372
(1991) 364
(1992) 369
(1993) 372
(1994) 397
(1995) 396
(1996) 426
(1997) 401
(1998) 378
(1999) 369
(2000) 391
(2001) 400
(2002) 365
(2003) 382
(2004) 390
(2005) 403
(2006) 396
(2007) 390
(2008) 381
(2009) 367
(2010) 368
(2011) 357
(2012) 402
(2013) 365
(2014) 374
(2015) 390
(2016) 391
(2017) 370
(2018) 389
(2019) 364
(2020) 372
(2021) 370
(2022) 374
(2023) 398
(2024) 354
(2025) 371
(2026) 388
(2027) 352
(2028) 361
(2029) 389
(2030) 367
(2031) 337
(2032) 340
(2033) 363
(2034) 400
(2035) 394
(2036) 353
(2037) 353
(2038) 361
(2039) 353
(2040) 346
(2041) 338
(2042) 349
(2043) 376
(2044) 332
(2045) 353
(2046) 372
(2047) 339
(2048) 320
(2049) 392
(2050) 359
(2051) 389
(2052) 417
(2053) 413
(2054) 359
(2055) 374
(2056) 391
(2057) 311
(2058) 364
(2059) 362
(2060) 403
(2061) 367
(2062) 356
(2063) 334
(2064) 338
(2065) 344
(2066) 379
(2067) 358
(2068) 337
(2069) 393
(2070) 372
(2071) 388
(2072) 375
(2073) 374
(2074) 351
(2075) 363
(2076) 374
(2077) 337
(2078) 376
(2079) 372
(2080) 363
(2081) 333
(2082) 384
(2083) 376
(2084) 370
(2085) 390
(2086) 357
(2087) 331
(2088) 364
(2089) 393
(2090) 323
(2091) 365
(2092) 385
(2093) 356
(2094) 342
(2095) 372
(2096) 372
(2097) 336
(2098) 354
(2099) 353
(2100) 345
(2101) 402
(2102) 380
(2103) 375
(2104) 351
(2105) 365
(2106) 355
(2107) 370
(2108) 341
(2109) 346
(2110) 341
(2111) 360
(2112) 372
(2113) 362
(2114) 344
(2115) 336
(2116) 385
(2117) 368
(2118) 361
(2119) 361
(2120) 341
(2121) 348
(2122) 380
(2123) 373
(2124) 358
(2125) 411
(2126) 337
(2127) 383
(2128) 338
(2129) 369
(2130) 364
(2131) 359
(2132) 342
(2133) 367
(2134) 351
(2135) 382
(2136) 351
(2137) 339
(2138) 385
(2139) 355
(2140) 338
(2141) 365
(2142) 347
(2143) 371
(2144) 373
(2145) 383
(2146) 313
(2147) 345
(2148) 350
(2149) 334
(2150) 372
(2151) 370
(2152) 365
(2153) 346
(2154) 364
(2155) 352
(2156) 325
(2157) 334
(2158) 343
(2159) 356
(2160) 392
(2161) 341
(2162) 358
(2163) 348
(2164) 389
(2165) 355
(2166) 339
(2167) 340
(2168) 349
(2169) 312
(2170) 377
(2171) 353
(2172) 321
(2173) 325
(2174) 328
(2175) 346
(2176) 322
(2177) 356
(2178) 315
(2179) 341
(2180) 318
(2181) 374
(2182) 360
(2183) 351
(2184) 364
(2185) 370
(2186) 357
(2187) 366
(2188) 330
(2189) 346
(2190) 373
(2191) 340
(2192) 349
(2193) 368
(2194) 323
(2195) 363
(2196) 350
(2197) 384
(2198) 363
(2199) 363
(2200) 346
(2201) 358
(2202) 366
(2203) 352
(2204) 328
(2205) 370
(2206) 365
(2207) 361
(2208) 348
(2209) 329
(2210) 343
(2211) 348
(2212) 331
(2213) 338
(2214) 339
(2215) 387
(2216) 354
(2217) 359
(2218) 359
(2219) 354
(2220) 375
(2221) 356
(2222) 353
(2223) 364
(2224) 333
(2225) 356
(2226) 348
(2227) 354
(2228) 345
(2229) 351
(2230) 363
(2231) 366
(2232) 339
(2233) 365
(2234) 360
(2235) 344
(2236) 357
(2237) 354
(2238) 357
(2239) 354
(2240) 377
(2241) 361
(2242) 330
(2243) 390
(2244) 347
(2245) 338
(2246) 357
(2247) 305
(2248) 357
(2249) 339
(2250) 333
(2251) 370
(2252) 320
(2253) 365
(2254) 383
(2255) 349
(2256) 365
(2257) 386
(2258) 334
(2259) 351
(2260) 377
(2261) 319
(2262) 368
(2263) 345
(2264) 335
(2265) 369
(2266) 385
(2267) 356
(2268) 385
(2269) 350
(2270) 349
(2271) 323
(2272) 362
(2273) 372
(2274) 352
(2275) 323
(2276) 365
(2277) 352
(2278) 340
(2279) 355
(2280) 335
(2281) 356
(2282) 356
(2283) 380
(2284) 351
(2285) 298
(2286) 362
(2287) 365
(2288) 343
(2289) 373
(2290) 380
(2291) 394
(2292) 359
(2293) 355
(2294) 359
(2295) 344
(2296) 361
(2297) 370
(2298) 372
(2299) 357
(2300) 367
(2301) 335
(2302) 338
(2303) 371
(2304) 341
(2305) 343
(2306) 383
(2307) 364
(2308) 364
(2309) 346
(2310) 343
(2311) 347
(2312) 373
(2313) 373
(2314) 333
(2315) 371
(2316) 361
(2317) 378
(2318) 343
(2319) 359
(2320) 339
(2321) 346
(2322) 360
(2323) 370
(2324) 354
(2325) 347
(2326) 365
(2327) 373
(2328) 381
(2329) 341
(2330) 357
(2331) 385
(2332) 350
(2333) 344
(2334) 359
(2335) 378
(2336) 379
(2337) 338
(2338) 378
(2339) 359
(2340) 366
(2341) 372
(2342) 369
(2343) 370
(2344) 382
(2345) 381
(2346) 332
(2347) 338
(2348) 369
(2349) 379
(2350) 381
(2351) 362
(2352) 380
(2353) 358
(2354) 358
(2355) 356
(2356) 378
(2357) 379
(2358) 390
(2359) 365
(2360) 370
(2361) 386
(2362) 333
(2363) 328
(2364) 338
(2365) 396
(2366) 330
(2367) 391
(2368) 385
(2369) 342
(2370) 374
(2371) 386
(2372) 377
(2373) 374
(2374) 380
(2375) 358
(2376) 390
(2377) 360
(2378) 361
(2379) 373
(2380) 388
(2381) 362
(2382) 345
(2383) 365
(2384) 346
(2385) 390
(2386) 377
(2387) 345
(2388) 369
(2389) 364
(2390) 355
(2391) 382
(2392) 343
(2393) 355
(2394) 348
(2395) 388
(2396) 342
(2397) 370
(2398) 335
(2399) 391
(2400) 352
(2401) 355
(2402) 386
(2403) 367
(2404) 363
(2405) 337
(2406) 357
(2407) 370
(2408) 367
(2409) 361
(2410) 338
(2411) 372
(2412) 362
(2413) 368
(2414) 345
(2415) 356
(2416) 376
(2417) 362
(2418) 342
(2419) 368
(2420) 347
(2421) 389
(2422) 371
(2423) 384
(2424) 358
(2425) 366
(2426) 366
(2427) 412
(2428) 376
(2429) 379
(2430) 375
(2431) 375
(2432) 362
(2433) 372
(2434) 373
(2435) 329
(2436) 373
(2437) 418
(2438) 379
(2439) 352
(2440) 404
(2441) 326
(2442) 404
(2443) 384
(2444) 382
(2445) 425
(2446) 360
(2447) 371
(2448) 400
(2449) 368
(2450) 392
(2451) 396
(2452) 364
(2453) 389
(2454) 357
(2455) 371
(2456) 380
(2457) 421
(2458) 406
(2459) 375
(2460) 382
(2461) 404
(2462) 366
(2463) 368
(2464) 376
(2465) 365
(2466) 346
(2467) 404
(2468) 420
(2469) 376
(2470) 362
(2471) 398
(2472) 382
(2473) 377
(2474) 423
(2475) 367
(2476) 364
(2477) 370
(2478) 358
(2479) 376
(2480) 383
(2481) 382
(2482) 403
(2483) 340
(2484) 399
(2485) 396
(2486) 408
(2487) 365
(2488) 357
(2489) 396
(2490) 351
(2491) 389
(2492) 369
(2493) 356
(2494) 398
(2495) 404
(2496) 379
(2497) 422
(2498) 392
(2499) 379
(2500) 352
(2501) 370
(2502) 395
(2503) 422
(2504) 398
(2505) 402
(2506) 413
(2507) 386
(2508) 388
(2509) 410
(2510) 372
(2511) 360
(2512) 435
(2513) 380
(2514) 392
(2515) 418
(2516) 351
(2517) 393
(2518) 388
(2519) 375
(2520) 358
(2521) 374
(2522) 375
(2523) 357
(2524) 393
(2525) 391
(2526) 380
(2527) 381
(2528) 386
(2529) 381
(2530) 423
(2531) 382
(2532) 400
(2533) 381
(2534) 430
(2535) 390
(2536) 384
(2537) 403
(2538) 394
(2539) 396
(2540) 397
(2541) 430
(2542) 367
(2543) 400
(2544) 390
(2545) 391
(2546) 372
(2547) 395
(2548) 396
(2549) 394
(2550) 406
(2551) 379
(2552) 365
(2553) 405
(2554) 409
(2555) 379
(2556) 356
(2557) 401
(2558) 374
(2559) 369
(2560) 400
(2561) 400
(2562) 389
(2563) 405
(2564) 395
(2565) 373
(2566) 379
(2567) 395
(2568) 405
(2569) 405
(2570) 409
(2571) 432
(2572) 400
(2573) 405
(2574) 386
(2575) 414
(2576) 421
(2577) 415
(2578) 397
(2579) 405
(2580) 386
(2581) 394
(2582) 376
(2583) 388
(2584) 413
(2585) 402
(2586) 401
(2587) 399
(2588) 390
(2589) 374
(2590) 409
(2591) 396
(2592) 371
(2593) 384
(2594) 374
(2595) 395
(2596) 379
(2597) 406
(2598) 419
(2599) 411
(2600) 392
(2601) 368
(2602) 391
(2603) 395
(2604) 426
(2605) 384
(2606) 397
(2607) 421
(2608) 401
(2609) 405
(2610) 388
(2611) 400
(2612) 358
(2613) 426
(2614) 383
(2615) 394
(2616) 399
(2617) 417
(2618) 386
(2619) 376
(2620) 393
(2621) 421
(2622) 409
(2623) 399
(2624) 366
(2625) 393
(2626) 387
(2627) 366
(2628) 346
(2629) 387
(2630) 419
(2631) 410
(2632) 430
(2633) 372
(2634) 409
(2635) 399
(2636) 398
(2637) 381
(2638) 431
(2639) 425
(2640) 397
(2641) 369
(2642) 406
(2643) 400
(2644) 407
(2645) 422
(2646) 380
(2647) 392
(2648) 403
(2649) 428
(2650) 414
(2651) 415
(2652) 382
(2653) 382
(2654) 390
(2655) 401
(2656) 361
(2657) 366
(2658) 425
(2659) 420
(2660) 436
(2661) 416
(2662) 439
(2663) 416
(2664) 380
(2665) 387
(2666) 404
(2667) 388
(2668) 400
(2669) 418
(2670) 392
(2671) 399
(2672) 451
(2673) 381
(2674) 404
(2675) 401
(2676) 394
(2677) 387
(2678) 415
(2679) 428
(2680) 462
(2681) 408
(2682) 404
(2683) 389
(2684) 398
(2685) 395
(2686) 408
(2687) 404
(2688) 399
(2689) 423
(2690) 422
(2691) 410
(2692) 389
(2693) 407
(2694) 398
(2695) 395
(2696) 425
(2697) 418
(2698) 414
(2699) 448
(2700) 410
(2701) 434
(2702) 385
(2703) 416
(2704) 410
(2705) 398
(2706) 391
(2707) 413
(2708) 424
(2709) 395
(2710) 402
(2711) 447
(2712) 420
(2713) 386
(2714) 414
(2715) 377
(2716) 377
(2717) 403
(2718) 417
(2719) 426
(2720) 411
(2721) 397
(2722) 401
(2723) 404
(2724) 364
(2725) 417
(2726) 426
(2727) 396
(2728) 417
(2729) 387
(2730) 404
(2731) 416
(2732) 419
(2733) 384
(2734) 431
(2735) 438
(2736) 419
(2737) 438
(2738) 398
(2739) 410
(2740) 437
(2741) 405
(2742) 384
(2743) 383
(2744) 426
(2745) 420
(2746) 402
(2747) 418
(2748) 383
(2749) 405
(2750) 416
(2751) 428
(2752) 423
(2753) 424
(2754) 402
(2755) 412
(2756) 397
(2757) 414
(2758) 410
(2759) 377
(2760) 421
(2761) 439
(2762) 394
(2763) 418
(2764) 401
(2765) 432
(2766) 406
(2767) 431
(2768) 418
(2769) 416
(2770) 372
(2771) 405
(2772) 409
(2773) 429
(2774) 392
(2775) 417
(2776) 448
(2777) 419
(2778) 382
(2779) 418
(2780) 400
(2781) 410
(2782) 437
(2783) 403
(2784) 423
(2785) 410
(2786) 394
(2787) 428
(2788) 415
(2789) 427
(2790) 431
(2791) 397
(2792) 385
(2793) 417
(2794) 369
(2795) 426
(2796) 411
(2797) 399
(2798) 436
(2799) 412
(2800) 407
(2801) 392
(2802) 417
(2803) 415
(2804) 384
(2805) 409
(2806) 462
(2807) 405
(2808) 421
(2809) 409
(2810) 395
(2811) 419
(2812) 395
(2813) 413
(2814) 393
(2815) 432
(2816) 411
(2817) 416
(2818) 412
(2819) 442
(2820) 401
(2821) 403
(2822) 418
(2823) 381
(2824) 445
(2825) 412
(2826) 411
(2827) 442
(2828) 420
(2829) 459
(2830) 449
(2831) 417
(2832) 449
(2833) 400
(2834) 386
(2835) 435
(2836) 437
(2837) 459
(2838) 400
(2839) 408
(2840) 444
(2841) 407
(2842) 425
(2843) 430
(2844) 410
(2845) 419
(2846) 455
(2847) 402
(2848) 435
(2849) 436
(2850) 425
(2851) 411
(2852) 388
(2853) 459
(2854) 405
(2855) 423
(2856) 425
(2857) 422
(2858) 407
(2859) 451
(2860) 424
(2861) 431
(2862) 410
(2863) 405
(2864) 403
(2865) 407
(2866) 440
(2867) 422
(2868) 395
(2869) 445
(2870) 445
(2871) 429
(2872) 404
(2873) 419
(2874) 428
(2875) 450
(2876) 404
(2877) 421
(2878) 415
(2879) 425
(2880) 450
(2881) 491
(2882) 399
(2883) 405
(2884) 424
(2885) 392
(2886) 441
(2887) 411
(2888) 414
(2889) 405
(2890) 407
(2891) 435
(2892) 445
(2893) 441
(2894) 449
(2895) 442
(2896) 417
(2897) 413
(2898) 417
(2899) 449
(2900) 422
(2901) 412
(2902) 443
(2903) 461
(2904) 394
(2905) 424
(2906) 426
(2907) 406
(2908) 419
(2909) 459
(2910) 438
(2911) 417
(2912) 428
(2913) 443
(2914) 428
(2915) 413
(2916) 400
(2917) 457
(2918) 448
(2919) 379
(2920) 406
(2921) 410
(2922) 429
(2923) 428
(2924) 455
(2925) 447
(2926) 415
(2927) 446
(2928) 409
(2929) 462
(2930) 424
(2931) 432
(2932) 416
(2933) 418
(2934) 387
(2935) 384
(2936) 410
(2937) 442
(2938) 407
(2939) 391
(2940) 421
(2941) 417
(2942) 437
(2943) 434
(2944) 419
(2945) 418
(2946) 426
(2947) 423
(2948) 391
(2949) 451
(2950) 374
(2951) 414
(2952) 402
(2953) 430
(2954) 438
(2955) 390
(2956) 420
(2957) 411
(2958) 415
(2959) 434
(2960) 389
(2961) 417
(2962) 432
(2963) 433
(2964) 437
(2965) 415
(2966) 416
(2967) 455
(2968) 424
(2969) 430
(2970) 421
(2971) 419
(2972) 397
(2973) 431
(2974) 419
(2975) 419
(2976) 428
(2977) 437
(2978) 418
(2979) 414
(2980) 422
(2981) 386
(2982) 414
(2983) 410
(2984) 423
(2985) 436
(2986) 464
(2987) 427
(2988) 409
(2989) 412
(2990) 432
(2991) 397
(2992) 395
(2993) 427
(2994) 405
(2995) 439
(2996) 420
(2997) 404
(2998) 428
(2999) 455
(3000) 431
(3001) 409
(3002) 430
(3003) 398
(3004) 446
(3005) 473
(3006) 467
(3007) 415
(3008) 430
(3009) 422
(3010) 446
(3011) 430
(3012) 478
(3013) 419
(3014) 451
(3015) 436
(3016) 425
(3017) 463
(3018) 449
(3019) 436
(3020) 423
(3021) 438
(3022) 470
(3023) 432
(3024) 450
(3025) 430
(3026) 437
(3027) 422
(3028) 436
(3029) 443
(3030) 395
(3031) 459
(3032) 444
(3033) 404
(3034) 425
(3035) 440
(3036) 416
(3037) 410
(3038) 426
(3039) 466
(3040) 434
(3041) 437
(3042) 427
(3043) 435
(3044) 464
(3045) 414
(3046) 442
(3047) 454
(3048) 413
(3049) 422
(3050) 423
(3051) 431
(3052) 453
(3053) 438
(3054) 453
(3055) 441
(3056) 443
(3057) 405
(3058) 413
(3059) 437
(3060) 433
(3061) 436
(3062) 441
(3063) 457
(3064) 440
(3065) 464
(3066) 391
(3067) 433
(3068) 420
(3069) 436
(3070) 407
(3071) 432
(3072) 448
(3073) 412
(3074) 478
(3075) 434
(3076) 437
(3077) 420
(3078) 446
(3079) 441
(3080) 388
(3081) 441
(3082) 407
(3083) 384
(3084) 462
(3085) 429
(3086) 452
(3087) 446
(3088) 424
(3089) 420
(3090) 420
(3091) 457
(3092) 459
(3093) 421
(3094) 456
(3095) 406
(3096) 398
(3097) 391
(3098) 399
(3099) 456
(3100) 417
(3101) 409
(3102) 408
(3103) 451
(3104) 436
(3105) 433
(3106) 413
(3107) 433
(3108) 426
(3109) 420
(3110) 418
(3111) 427
(3112) 426
(3113) 419
(3114) 438
(3115) 417
(3116) 422
(3117) 420
(3118) 430
(3119) 422
(3120) 441
(3121) 420
(3122) 462
(3123) 431
(3124) 461
(3125) 431
(3126) 412
(3127) 425
(3128) 393
(3129) 444
(3130) 437
(3131) 391
(3132) 437
(3133) 441
(3134) 424
(3135) 408
(3136) 427
(3137) 397
(3138) 451
(3139) 430
(3140) 418
(3141) 431
(3142) 443
(3143) 434
(3144) 446
(3145) 420
(3146) 446
(3147) 486
(3148) 418
(3149) 432
(3150) 400
(3151) 420
(3152) 414
(3153) 411
(3154) 404
(3155) 421
(3156) 415
(3157) 417
(3158) 411
(3159) 421
(3160) 387
(3161) 431
(3162) 435
(3163) 454
(3164) 388
(3165) 430
(3166) 418
(3167) 445
(3168) 403
(3169) 434
(3170) 377
(3171) 433
(3172) 439
(3173) 408
(3174) 418
(3175) 446
(3176) 446
(3177) 430
(3178) 426
(3179) 392
(3180) 435
(3181) 438
(3182) 439
(3183) 441
(3184) 454
(3185) 440
(3186) 429
(3187) 397
(3188) 423
(3189) 397
(3190) 410
(3191) 423
(3192) 402
(3193) 395
(3194) 415
(3195) 426
(3196) 450
(3197) 399
(3198) 423
(3199) 476
(3200) 403
(3201) 446
(3202) 414
(3203) 421
(3204) 416
(3205) 452
(3206) 429
(3207) 453
(3208) 382
(3209) 405
(3210) 406
(3211) 393
(3212) 422
(3213) 437
(3214) 373
(3215) 452
(3216) 417
(3217) 435
(3218) 410
(3219) 420
(3220) 420
(3221) 427
(3222) 443
(3223) 417
(3224) 411
(3225) 431
(3226) 428
(3227) 400
(3228) 379
(3229) 411
(3230) 436
(3231) 424
(3232) 405
(3233) 398
(3234) 419
(3235) 441
(3236) 427
(3237) 454
(3238) 430
(3239) 437
(3240) 428
(3241) 433
(3242) 399
(3243) 440
(3244) 471
(3245) 402
(3246) 391
(3247) 419
(3248) 415
(3249) 417
(3250) 440
(3251) 406
(3252) 399
(3253) 411
(3254) 392
(3255) 434
(3256) 422
(3257) 426
(3258) 437
(3259) 430
(3260) 441
(3261) 367
(3262) 420
(3263) 412
(3264) 437
(3265) 427
(3266) 438
(3267) 432
(3268) 423
(3269) 400
(3270) 406
(3271) 432
(3272) 408
(3273) 465
(3274) 389
(3275) 396
(3276) 388
(3277) 417
(3278) 392
(3279) 390
(3280) 422
(3281) 425
(3282) 455
(3283) 418
(3284) 437
(3285) 417
(3286) 425
(3287) 400
(3288) 399
(3289) 382
(3290) 418
(3291) 414
(3292) 380
(3293) 400
(3294) 409
(3295) 393
(3296) 444
(3297) 442
(3298) 409
(3299) 417
(3300) 429
(3301) 390
(3302) 415
(3303) 431
(3304) 432
(3305) 409
(3306) 405
(3307) 387
(3308) 436
(3309) 392
(3310) 413
(3311) 408
(3312) 415
(3313) 398
(3314) 404
(3315) 425
(3316) 409
(3317) 412
(3318) 413
(3319) 410
(3320) 425
(3321) 413
(3322) 390
(3323) 396
(3324) 443
(3325) 401
(3326) 385
(3327) 442
(3328) 424
(3329) 445
(3330) 384
(3331) 408
(3332) 445
(3333) 399
(3334) 449
(3335) 402
(3336) 421
(3337) 408
(3338) 406
(3339) 387
(3340) 388
(3341) 440
(3342) 406
(3343) 442
(3344) 421
(3345) 433
(3346) 409
(3347) 405
(3348) 437
(3349) 444
(3350) 433
(3351) 414
(3352) 389
(3353) 423
(3354) 415
(3355) 381
(3356) 409
(3357) 414
(3358) 431
(3359) 421
(3360) 370
(3361) 399
(3362) 401
(3363) 439
(3364) 429
(3365) 413
(3366) 434
(3367) 402
(3368) 369
(3369) 430
(3370) 387
(3371) 405
(3372) 413
(3373) 385
(3374) 377
(3375) 404
(3376) 378
(3377) 385
(3378) 436
(3379) 443
(3380) 383
(3381) 381
(3382) 412
(3383) 408
(3384) 390
(3385) 385
(3386) 407
(3387) 417
(3388) 419
(3389) 420
(3390) 390
(3391) 433
(3392) 394
(3393) 389
(3394) 392
(3395) 385
(3396) 403
(3397) 439
(3398) 439
(3399) 408
(3400) 388
(3401) 404
(3402) 428
(3403) 423
(3404) 437
(3405) 408
(3406) 406
(3407) 400
(3408) 428
(3409) 407
(3410) 422
(3411) 425
(3412) 385
(3413) 390
(3414) 393
(3415) 390
(3416) 413
(3417) 414
(3418) 409
(3419) 364
(3420) 403
(3421) 394
(3422) 383
(3423) 384
(3424) 381
(3425) 414
(3426) 397
(3427) 434
(3428) 412
(3429) 428
(3430) 416
(3431) 385
(3432) 369
(3433) 396
(3434) 404
(3435) 378
(3436) 387
(3437) 377
(3438) 388
(3439) 371
(3440) 375
(3441) 405
(3442) 406
(3443) 384
(3444) 410
(3445) 442
(3446) 396
(3447) 377
(3448) 398
(3449) 403
(3450) 390
(3451) 417
(3452) 369
(3453) 396
(3454) 397
(3455) 359
(3456) 445
(3457) 419
(3458) 365
(3459) 409
(3460) 433
(3461) 408
(3462) 391
(3463) 415
(3464) 386
(3465) 448
(3466) 408
(3467) 438
(3468) 410
(3469) 373
(3470) 398
(3471) 412
(3472) 371
(3473) 420
(3474) 437
(3475) 417
(3476) 380
(3477) 427
(3478) 370
(3479) 401
(3480) 377
(3481) 363
(3482) 394
(3483) 391
(3484) 415
(3485) 375
(3486) 373
(3487) 399
(3488) 392
(3489) 412
(3490) 384
(3491) 349
(3492) 389
(3493) 406
(3494) 394
(3495) 420
(3496) 365
(3497) 384
(3498) 369
(3499) 369
(3500) 428
(3501) 426
(3502) 398
(3503) 408
(3504) 387
(3505) 420
(3506) 359
(3507) 429
(3508) 398
(3509) 395
(3510) 387
(3511) 401
(3512) 381
(3513) 427
(3514) 373
(3515) 370
(3516) 399
(3517) 397
(3518) 369
(3519) 375
(3520) 396
(3521) 412
(3522) 385
(3523) 386
(3524) 389
(3525) 393
(3526) 378
(3527) 380
(3528) 400
(3529) 394
(3530) 413
(3531) 381
(3532) 387
(3533) 372
(3534) 394
(3535) 365
(3536) 413
(3537) 364
(3538) 427
(3539) 408
(3540) 394
(3541) 371
(3542) 388
(3543) 407
(3544) 388
(3545) 383
(3546) 384
(3547) 375
(3548) 382
(3549) 402
(3550) 403
(3551) 382
(3552) 354
(3553) 417
(3554) 383
(3555) 421
(3556) 387
(3557) 367
(3558) 363
(3559) 405
(3560) 389
(3561) 419
(3562) 373
(3563) 369
(3564) 373
(3565) 396
(3566) 455
(3567) 375
(3568) 412
(3569) 380
(3570) 377
(3571) 385
(3572) 356
(3573) 378
(3574) 363
(3575) 365
(3576) 404
(3577) 408
(3578) 381
(3579) 388
(3580) 399
(3581) 397
(3582) 392
(3583) 399
(3584) 403
(3585) 413
(3586) 389
(3587) 408
(3588) 391
(3589) 378
(3590) 393
(3591) 406
(3592) 385
(3593) 392
(3594) 366
(3595) 397
(3596) 408
(3597) 386
(3598) 402
(3599) 405
(3600) 431
(3601) 383
(3602) 378
(3603) 359
(3604) 376
(3605) 392
(3606) 412
(3607) 376
(3608) 387
(3609) 396
(3610) 371
(3611) 387
(3612) 415
(3613) 381
(3614) 392
(3615) 380
(3616) 391
(3617) 375
(3618) 379
(3619) 405
(3620) 369
(3621) 382
(3622) 353
(3623) 384
(3624) 414
(3625) 398
(3626) 409
(3627) 380
(3628) 392
(3629) 353
(3630) 384
(3631) 367
(3632) 388
(3633) 354
(3634) 392
(3635) 362
(3636) 405
(3637) 395
(3638) 423
(3639) 358
(3640) 392
(3641) 389
(3642) 348
(3643) 379
(3644) 354
(3645) 372
(3646) 390
(3647) 375
(3648) 399
(3649) 375
(3650) 372
(3651) 373
(3652) 365
(3653) 403
(3654) 370
(3655) 378
(3656) 362
(3657) 385
(3658) 365
(3659) 391
(3660) 377
(3661) 379
(3662) 380
(3663) 391
(3664) 372
(3665) 427
(3666) 415
(3667) 410
(3668) 385
(3669) 358
(3670) 417
(3671) 405
(3672) 378
(3673) 382
(3674) 355
(3675) 394
(3676) 395
(3677) 378
(3678) 378
(3679) 360
(3680) 356
(3681) 414
(3682) 378
(3683) 322
(3684) 362
(3685) 351
(3686) 385
(3687) 336
(3688) 366
(3689) 353
(3690) 393
(3691) 393
(3692) 381
(3693) 389
(3694) 361
(3695) 384
(3696) 352
(3697) 402
(3698) 342
(3699) 365
(3700) 425
(3701) 386
(3702) 372
(3703) 376
(3704) 368
(3705) 369
(3706) 354
(3707) 376
(3708) 385
(3709) 373
(3710) 360
(3711) 380
(3712) 338
(3713) 348
(3714) 348
(3715) 381
(3716) 353
(3717) 349
(3718) 377
(3719) 363
(3720) 378
(3721) 359
(3722) 374
(3723) 375
(3724) 380
(3725) 387
(3726) 352
(3727) 396
(3728) 333
(3729) 397
(3730) 383
(3731) 393
(3732) 350
(3733) 404
(3734) 357
(3735) 402
(3736) 389
(3737) 374
(3738) 363
(3739) 366
(3740) 362
(3741) 368
(3742) 338
(3743) 344
(3744) 367
(3745) 393
(3746) 370
(3747) 389
(3748) 393
(3749) 346
(3750) 380
(3751) 405
(3752) 333
(3753) 359
(3754) 376
(3755) 387
(3756) 382
(3757) 327
(3758) 416
(3759) 345
(3760) 353
(3761) 352
(3762) 373
(3763) 366
(3764) 372
(3765) 381
(3766) 395
(3767) 383
(3768) 369
(3769) 341
(3770) 392
(3771) 388
(3772) 390
(3773) 341
(3774) 362
(3775) 318
(3776) 343
(3777) 370
(3778) 378
(3779) 369
(3780) 361
(3781) 366
(3782) 367
(3783) 410
(3784) 375
(3785) 380
(3786) 349
(3787) 344
(3788) 382
(3789) 380
(3790) 374
(3791) 410
(3792) 351
(3793) 396
(3794) 379
(3795) 354
(3796) 367
(3797) 348
(3798) 402
(3799) 403
(3800) 379
(3801) 379
(3802) 379
(3803) 355
(3804) 383
(3805) 385
(3806) 411
(3807) 378
(3808) 362
(3809) 364
(3810) 368
(3811) 363
(3812) 353
(3813) 376
(3814) 387
(3815) 356
(3816) 383
(3817) 383
(3818) 378
(3819) 380
(3820) 344
(3821) 347
(3822) 371
(3823) 362
(3824) 347
(3825) 360
(3826) 397
(3827) 398
(3828) 367
(3829) 366
(3830) 405
(3831) 355
(3832) 349
(3833) 385
(3834) 372
(3835) 373
(3836) 369
(3837) 362
(3838) 377
(3839) 345
(3840) 365
(3841) 372
(3842) 362
(3843) 381
(3844) 369
(3845) 362
(3846) 333
(3847) 346
(3848) 345
(3849) 380
(3850) 332
(3851) 339
(3852) 377
(3853) 387
(3854) 371
(3855) 334
(3856) 353
(3857) 359
(3858) 366
(3859) 343
(3860) 353
(3861) 348
(3862) 341
(3863) 370
(3864) 326
(3865) 348
(3866) 345
(3867) 338
(3868) 341
(3869) 342
(3870) 352
(3871) 349
(3872) 326
(3873) 346
(3874) 329
(3875) 337
(3876) 348
(3877) 337
(3878) 341
(3879) 342
(3880) 300
(3881) 345
(3882) 328
(3883) 334
(3884) 333
(3885) 302
(3886) 332
(3887) 340
(3888) 300
(3889) 332
(3890) 289
(3891) 335
(3892) 360
(3893) 332
(3894) 298
(3895) 312
(3896) 314
(3897) 300
(3898) 288
(3899) 293
(3900) 304
(3901) 329
(3902) 283
(3903) 307
(3904) 307
(3905) 323
(3906) 301
(3907) 295
(3908) 301
(3909) 322
(3910) 296
(3911) 307
(3912) 286
(3913) 276
(3914) 323
(3915) 271
(3916) 308
(3917) 316
(3918) 272
(3919) 302
(3920) 299
(3921) 307
(3922) 297
(3923) 260
(3924) 300
(3925) 291
(3926) 305
(3927) 307
(3928) 262
(3929) 306
(3930) 290
(3931) 287
(3932) 294
(3933) 230
(3934) 291
(3935) 287
(3936) 281
(3937) 277
(3938) 269
(3939) 293
(3940) 262
(3941) 270
(3942) 268
(3943) 255
(3944) 262
(3945) 259
(3946) 274
(3947) 248
(3948) 263
(3949) 266
(3950) 258
(3951) 247
(3952) 260
(3953) 245
(3954) 274
(3955) 256
(3956) 267
(3957) 258
(3958) 287
(3959) 234
(3960) 259
(3961) 257
(3962) 244
(3963) 273
(3964) 266
(3965) 265
(3966) 243
(3967) 261
(3968) 235
(3969) 268
(3970) 217
(3971) 262
(3972) 219
(3973) 239
(3974) 269
(3975) 259
(3976) 229
(3977) 239
(3978) 263
(3979) 256
(3980) 245
(3981) 245
(3982) 232
(3983) 237
(3984) 246
(3985) 232
(3986) 259
(3987) 232
(3988) 225
(3989) 225
(3990) 224
(3991) 212
(3992) 237
(3993) 225
(3994) 227
(3995) 230
(3996) 221
(3997) 221
(3998) 219
(3999) 260
(4000) 226
(4001) 222
(4002) 221
(4003) 194
(4004) 181
(4005) 185
(4006) 219
(4007) 222
(4008) 208
(4009) 210
(4010) 180
(4011) 214
(4012) 220
(4013) 197
(4014) 211
(4015) 210
(4016) 211
(4017) 223
(4018) 197
(4019) 193
(4020) 176
(4021) 177
(4022) 181
(4023) 165
(4024) 210
(4025) 192
(4026) 170
(4027) 181
(4028) 170
(4029) 171
(4030) 164
(4031) 162
(4032) 147
(4033) 163
(4034) 164
(4035) 170
(4036) 147
(4037) 162
(4038) 154
(4039) 148
(4040) 132
(4041) 157
(4042) 146
(4043) 140
(4044) 145
(4045) 133
(4046) 128
(4047) 136
(4048) 139
(4049) 143
(4050) 118
(4051) 119
(4052) 108
(4053) 109
(4054) 118
(4055) 115
(4056) 108
(4057) 105
(4058) 89
(4059) 93
(4060) 95
(4061) 68
(4062) 112
(4063) 76
(4064) 106
(4065) 91
(4066) 80
(4067) 78
(4068) 93
(4069) 89
(4070) 73
(4071) 76
(4072) 79
(4073) 71
(4074) 91
(4075) 62
(4076) 49
(4077) 83
(4078) 48
(4079) 65
(4080) 61
(4081) 45
(4082) 47
(4083) 41
(4084) 36
(4085) 47
(4086) 44
(4087) 31
(4088) 24
(4089) 22
(4090) 15
(4091) 29
(4092) 14
(4093) 7
(4094) 9
(-1) -1
