"crs_qdc_00_energy" (4096)
Wed Jun 18 09:40:08 2008
 3
1 long 
("crs.qdc.0.energy")
(0 4096) 
--------------------------------------------
(47) 1
(54) 25
(55) 137
(56) 247
(57) 361
(58) 1908
(59) 88988
(60) 97266
(61) 72435
(62) 53314
(63) 299860
(64) 989853
(65) 139999
(66) 127596
(67) 141860
(68) 113922
(69) 94807
(70) 126369
(71) 127774
(72) 197868
(73) 219888
(74) 190551
(75) 137257
(76) 31434
(77) 3354
(78) 1890
(79) 1670
(80) 1602
(81) 1596
(82) 1629
(83) 1582
(84) 1624
(85) 1591
(86) 1548
(87) 1523
(88) 1445
(89) 1447
(90) 1475
(91) 1507
(92) 1452
(93) 1457
(94) 1604
(95) 1588
(96) 1555
(97) 1592
(98) 1639
(99) 1636
(100) 1646
(101) 1670
(102) 1654
(103) 1705
(104) 1712
(105) 1800
(106) 1759
(107) 1798
(108) 1667
(109) 1812
(110) 1807
(111) 1817
(112) 1787
(113) 1835
(114) 1802
(115) 1795
(116) 1812
(117) 1702
(118) 1769
(119) 1740
(120) 1774
(121) 1694
(122) 1750
(123) 1637
(124) 1666
(125) 1651
(126) 1661
(127) 1639
(128) 1616
(129) 1568
(130) 1561
(131) 1546
(132) 1454
(133) 1470
(134) 1437
(135) 1415
(136) 1420
(137) 1492
(138) 1404
(139) 1411
(140) 1406
(141) 1412
(142) 1394
(143) 1344
(144) 1384
(145) 1288
(146) 1417
(147) 1347
(148) 1290
(149) 1266
(150) 1343
(151) 1298
(152) 1325
(153) 1273
(154) 1307
(155) 1276
(156) 1300
(157) 1336
(158) 1284
(159) 1284
(160) 1184
(161) 1202
(162) 1238
(163) 1255
(164) 1201
(165) 1203
(166) 1249
(167) 1174
(168) 1198
(169) 1174
(170) 1176
(171) 1224
(172) 1168
(173) 1170
(174) 1149
(175) 1128
(176) 1205
(177) 1203
(178) 1205
(179) 1128
(180) 1147
(181) 1170
(182) 1158
(183) 1159
(184) 1136
(185) 1139
(186) 1165
(187) 1138
(188) 1164
(189) 1093
(190) 1126
(191) 1063
(192) 1073
(193) 1092
(194) 1182
(195) 1082
(196) 1099
(197) 1114
(198) 1153
(199) 1129
(200) 1105
(201) 1056
(202) 1062
(203) 1060
(204) 1090
(205) 1100
(206) 1119
(207) 1091
(208) 1080
(209) 1082
(210) 1066
(211) 1081
(212) 1090
(213) 1129
(214) 1003
(215) 1041
(216) 1122
(217) 1100
(218) 1015
(219) 1078
(220) 1079
(221) 1048
(222) 1043
(223) 1070
(224) 1054
(225) 1063
(226) 1060
(227) 1069
(228) 1029
(229) 1032
(230) 1025
(231) 1079
(232) 1038
(233) 1077
(234) 1047
(235) 1064
(236) 1046
(237) 1074
(238) 1056
(239) 1027
(240) 1062
(241) 1068
(242) 1042
(243) 1055
(244) 1057
(245) 1045
(246) 1005
(247) 1052
(248) 1080
(249) 1122
(250) 1042
(251) 1039
(252) 1050
(253) 1006
(254) 1002
(255) 1048
(256) 1036
(257) 1069
(258) 1016
(259) 1067
(260) 1128
(261) 1101
(262) 1034
(263) 1029
(264) 1051
(265) 1060
(266) 1023
(267) 1002
(268) 1068
(269) 1067
(270) 1084
(271) 1025
(272) 1074
(273) 1091
(274) 1125
(275) 1043
(276) 1100
(277) 1037
(278) 1076
(279) 1080
(280) 1013
(281) 1074
(282) 1166
(283) 1117
(284) 1122
(285) 1102
(286) 1102
(287) 1078
(288) 1162
(289) 1018
(290) 1101
(291) 1108
(292) 1127
(293) 1160
(294) 1082
(295) 1120
(296) 1138
(297) 1144
(298) 1092
(299) 1152
(300) 1079
(301) 1147
(302) 1152
(303) 1096
(304) 1164
(305) 1094
(306) 1139
(307) 1203
(308) 1138
(309) 1099
(310) 1116
(311) 1175
(312) 1114
(313) 1147
(314) 1152
(315) 1162
(316) 1133
(317) 1160
(318) 1185
(319) 1206
(320) 1209
(321) 1134
(322) 1219
(323) 1167
(324) 1237
(325) 1263
(326) 1238
(327) 1195
(328) 1234
(329) 1187
(330) 1328
(331) 1312
(332) 1268
(333) 1299
(334) 1332
(335) 1257
(336) 1260
(337) 1318
(338) 1326
(339) 1383
(340) 1326
(341) 1294
(342) 1368
(343) 1401
(344) 1410
(345) 1413
(346) 1495
(347) 1401
(348) 1393
(349) 1420
(350) 1458
(351) 1419
(352) 1455
(353) 1454
(354) 1515
(355) 1520
(356) 1499
(357) 1484
(358) 1510
(359) 1450
(360) 1486
(361) 1613
(362) 1586
(363) 1552
(364) 1521
(365) 1541
(366) 1581
(367) 1521
(368) 1646
(369) 1627
(370) 1576
(371) 1557
(372) 1677
(373) 1667
(374) 1607
(375) 1603
(376) 1674
(377) 1586
(378) 1626
(379) 1667
(380) 1627
(381) 1607
(382) 1623
(383) 1685
(384) 1643
(385) 1648
(386) 1676
(387) 1695
(388) 1679
(389) 1628
(390) 1681
(391) 1734
(392) 1655
(393) 1656
(394) 1653
(395) 1645
(396) 1692
(397) 1784
(398) 1668
(399) 1682
(400) 1681
(401) 1651
(402) 1699
(403) 1603
(404) 1747
(405) 1666
(406) 1713
(407) 1724
(408) 1713
(409) 1762
(410) 1730
(411) 1752
(412) 1677
(413) 1729
(414) 1728
(415) 1732
(416) 1741
(417) 1661
(418) 1701
(419) 1715
(420) 1757
(421) 1798
(422) 1781
(423) 1716
(424) 1707
(425) 1678
(426) 1704
(427) 1722
(428) 1678
(429) 1747
(430) 1761
(431) 1738
(432) 1701
(433) 1696
(434) 1761
(435) 1774
(436) 1729
(437) 1682
(438) 1740
(439) 1759
(440) 1716
(441) 1766
(442) 1690
(443) 1746
(444) 1697
(445) 1706
(446) 1717
(447) 1771
(448) 1699
(449) 1676
(450) 1831
(451) 1809
(452) 1738
(453) 1773
(454) 1725
(455) 1754
(456) 1738
(457) 1730
(458) 1775
(459) 1687
(460) 1696
(461) 1669
(462) 1696
(463) 1808
(464) 1780
(465) 1707
(466) 1676
(467) 1739
(468) 1765
(469) 1802
(470) 1846
(471) 1723
(472) 1782
(473) 1794
(474) 1701
(475) 1738
(476) 1740
(477) 1747
(478) 1703
(479) 1748
(480) 1767
(481) 1633
(482) 1672
(483) 1843
(484) 1686
(485) 1832
(486) 1681
(487) 1789
(488) 1746
(489) 1786
(490) 1833
(491) 1764
(492) 1761
(493) 1710
(494) 1812
(495) 1739
(496) 1779
(497) 1736
(498) 1752
(499) 1810
(500) 1724
(501) 1799
(502) 1896
(503) 1763
(504) 1751
(505) 1848
(506) 1778
(507) 1738
(508) 1863
(509) 1784
(510) 1740
(511) 1783
(512) 1739
(513) 1850
(514) 1786
(515) 1860
(516) 1733
(517) 1787
(518) 1805
(519) 1731
(520) 1794
(521) 1801
(522) 1845
(523) 1787
(524) 1832
(525) 1746
(526) 1748
(527) 1844
(528) 1904
(529) 1821
(530) 1783
(531) 1822
(532) 1826
(533) 1858
(534) 1871
(535) 1849
(536) 1807
(537) 1777
(538) 1876
(539) 1754
(540) 1855
(541) 1735
(542) 1794
(543) 1851
(544) 1838
(545) 1873
(546) 1820
(547) 1802
(548) 1867
(549) 1866
(550) 1833
(551) 1828
(552) 1869
(553) 1835
(554) 1849
(555) 1835
(556) 1879
(557) 1799
(558) 1813
(559) 1832
(560) 1861
(561) 1781
(562) 1812
(563) 1853
(564) 1837
(565) 1859
(566) 1878
(567) 1810
(568) 1786
(569) 1814
(570) 1883
(571) 1940
(572) 1922
(573) 1877
(574) 1847
(575) 1806
(576) 1915
(577) 1871
(578) 1836
(579) 1901
(580) 1877
(581) 1865
(582) 1872
(583) 1881
(584) 1891
(585) 1837
(586) 1833
(587) 1868
(588) 1898
(589) 1866
(590) 2005
(591) 1909
(592) 1862
(593) 1903
(594) 1852
(595) 1894
(596) 1934
(597) 1869
(598) 1891
(599) 1845
(600) 1921
(601) 1896
(602) 1925
(603) 1857
(604) 1901
(605) 1829
(606) 1942
(607) 1915
(608) 1881
(609) 1962
(610) 2009
(611) 1937
(612) 1959
(613) 1926
(614) 1924
(615) 1871
(616) 1913
(617) 1893
(618) 1897
(619) 2019
(620) 1876
(621) 1898
(622) 1882
(623) 1931
(624) 1913
(625) 1974
(626) 1942
(627) 1970
(628) 1956
(629) 1966
(630) 1902
(631) 1927
(632) 1974
(633) 1944
(634) 1925
(635) 2057
(636) 2013
(637) 1924
(638) 1965
(639) 2060
(640) 1921
(641) 1979
(642) 1975
(643) 1971
(644) 1889
(645) 1940
(646) 1941
(647) 1890
(648) 1866
(649) 1994
(650) 1956
(651) 1935
(652) 1943
(653) 1998
(654) 1996
(655) 2001
(656) 2034
(657) 1993
(658) 1944
(659) 1911
(660) 2025
(661) 2015
(662) 1987
(663) 1967
(664) 1950
(665) 1915
(666) 1975
(667) 2041
(668) 1958
(669) 1991
(670) 1984
(671) 2010
(672) 1965
(673) 1941
(674) 1926
(675) 2006
(676) 1962
(677) 2009
(678) 1994
(679) 2005
(680) 1980
(681) 1950
(682) 2054
(683) 2024
(684) 2037
(685) 2025
(686) 1978
(687) 2010
(688) 1946
(689) 1953
(690) 2021
(691) 1971
(692) 2026
(693) 2072
(694) 2010
(695) 2045
(696) 2046
(697) 1992
(698) 1960
(699) 1952
(700) 2029
(701) 2037
(702) 1987
(703) 1988
(704) 2042
(705) 1999
(706) 1998
(707) 2020
(708) 1985
(709) 2013
(710) 1984
(711) 2041
(712) 1951
(713) 1973
(714) 2018
(715) 2038
(716) 2004
(717) 2004
(718) 1968
(719) 2106
(720) 2076
(721) 1978
(722) 1971
(723) 2015
(724) 2023
(725) 2031
(726) 1959
(727) 2016
(728) 2013
(729) 1966
(730) 1924
(731) 2016
(732) 2009
(733) 1930
(734) 1999
(735) 1964
(736) 1987
(737) 1972
(738) 1972
(739) 2017
(740) 1967
(741) 2001
(742) 1979
(743) 1989
(744) 2001
(745) 2048
(746) 1951
(747) 1989
(748) 2027
(749) 2016
(750) 1946
(751) 1981
(752) 2014
(753) 1920
(754) 1999
(755) 1971
(756) 1963
(757) 1911
(758) 2000
(759) 1911
(760) 1980
(761) 1965
(762) 1940
(763) 1996
(764) 2043
(765) 1903
(766) 1952
(767) 1990
(768) 1988
(769) 1911
(770) 1925
(771) 1940
(772) 1907
(773) 1853
(774) 2014
(775) 1873
(776) 1899
(777) 1981
(778) 1906
(779) 1896
(780) 1958
(781) 1877
(782) 1960
(783) 1923
(784) 1991
(785) 1878
(786) 1926
(787) 2004
(788) 1985
(789) 1992
(790) 1994
(791) 1969
(792) 1986
(793) 1960
(794) 1923
(795) 1958
(796) 1938
(797) 1900
(798) 1867
(799) 1901
(800) 2004
(801) 1906
(802) 1978
(803) 1957
(804) 1896
(805) 1813
(806) 1904
(807) 1965
(808) 1937
(809) 1898
(810) 1855
(811) 1999
(812) 1846
(813) 1895
(814) 1866
(815) 1797
(816) 1895
(817) 1838
(818) 1900
(819) 1878
(820) 1911
(821) 1859
(822) 1818
(823) 1847
(824) 1844
(825) 1944
(826) 1888
(827) 1848
(828) 1867
(829) 1816
(830) 1852
(831) 1863
(832) 1898
(833) 1886
(834) 1873
(835) 1827
(836) 1806
(837) 1874
(838) 1844
(839) 1816
(840) 1879
(841) 1900
(842) 1849
(843) 1833
(844) 1856
(845) 1880
(846) 1723
(847) 1819
(848) 1825
(849) 1801
(850) 1824
(851) 1799
(852) 1769
(853) 1799
(854) 1807
(855) 1797
(856) 1821
(857) 1845
(858) 1784
(859) 1858
(860) 1749
(861) 1715
(862) 1735
(863) 1871
(864) 1769
(865) 1796
(866) 1775
(867) 1766
(868) 1737
(869) 1825
(870) 1736
(871) 1750
(872) 1796
(873) 1753
(874) 1701
(875) 1751
(876) 1743
(877) 1739
(878) 1793
(879) 1744
(880) 1791
(881) 1770
(882) 1829
(883) 1776
(884) 1763
(885) 1735
(886) 1789
(887) 1707
(888) 1764
(889) 1738
(890) 1646
(891) 1778
(892) 1716
(893) 1674
(894) 1739
(895) 1720
(896) 1625
(897) 1747
(898) 1723
(899) 1627
(900) 1680
(901) 1725
(902) 1687
(903) 1675
(904) 1675
(905) 1746
(906) 1752
(907) 1691
(908) 1608
(909) 1690
(910) 1686
(911) 1707
(912) 1616
(913) 1696
(914) 1613
(915) 1641
(916) 1603
(917) 1681
(918) 1567
(919) 1661
(920) 1676
(921) 1640
(922) 1577
(923) 1572
(924) 1601
(925) 1575
(926) 1667
(927) 1615
(928) 1654
(929) 1585
(930) 1582
(931) 1600
(932) 1548
(933) 1522
(934) 1620
(935) 1572
(936) 1480
(937) 1524
(938) 1505
(939) 1630
(940) 1496
(941) 1544
(942) 1625
(943) 1563
(944) 1450
(945) 1519
(946) 1576
(947) 1541
(948) 1459
(949) 1649
(950) 1519
(951) 1631
(952) 1516
(953) 1543
(954) 1501
(955) 1455
(956) 1522
(957) 1545
(958) 1484
(959) 1511
(960) 1532
(961) 1525
(962) 1508
(963) 1529
(964) 1517
(965) 1550
(966) 1495
(967) 1459
(968) 1459
(969) 1418
(970) 1487
(971) 1487
(972) 1357
(973) 1464
(974) 1400
(975) 1496
(976) 1482
(977) 1465
(978) 1398
(979) 1404
(980) 1437
(981) 1419
(982) 1466
(983) 1421
(984) 1355
(985) 1479
(986) 1458
(987) 1411
(988) 1332
(989) 1434
(990) 1389
(991) 1399
(992) 1384
(993) 1388
(994) 1352
(995) 1450
(996) 1355
(997) 1370
(998) 1343
(999) 1411
(1000) 1354
(1001) 1369
(1002) 1365
(1003) 1441
(1004) 1341
(1005) 1384
(1006) 1305
(1007) 1339
(1008) 1352
(1009) 1369
(1010) 1307
(1011) 1278
(1012) 1282
(1013) 1331
(1014) 1350
(1015) 1306
(1016) 1331
(1017) 1264
(1018) 1286
(1019) 1304
(1020) 1258
(1021) 1318
(1022) 1303
(1023) 1303
(1024) 1292
(1025) 1288
(1026) 1278
(1027) 1296
(1028) 1307
(1029) 1335
(1030) 1276
(1031) 1230
(1032) 1214
(1033) 1250
(1034) 1197
(1035) 1273
(1036) 1291
(1037) 1199
(1038) 1219
(1039) 1279
(1040) 1275
(1041) 1234
(1042) 1194
(1043) 1203
(1044) 1202
(1045) 1179
(1046) 1237
(1047) 1208
(1048) 1144
(1049) 1209
(1050) 1239
(1051) 1196
(1052) 1211
(1053) 1246
(1054) 1213
(1055) 1200
(1056) 1200
(1057) 1169
(1058) 1251
(1059) 1213
(1060) 1145
(1061) 1193
(1062) 1153
(1063) 1233
(1064) 1149
(1065) 1188
(1066) 1147
(1067) 1207
(1068) 1163
(1069) 1148
(1070) 1164
(1071) 1176
(1072) 1133
(1073) 1081
(1074) 1127
(1075) 1172
(1076) 1069
(1077) 1105
(1078) 1091
(1079) 1136
(1080) 1121
(1081) 1089
(1082) 1125
(1083) 1134
(1084) 1105
(1085) 1026
(1086) 1132
(1087) 1087
(1088) 1081
(1089) 1115
(1090) 1067
(1091) 1078
(1092) 1062
(1093) 1066
(1094) 1069
(1095) 1069
(1096) 1059
(1097) 1107
(1098) 998
(1099) 1091
(1100) 1033
(1101) 1020
(1102) 1045
(1103) 1031
(1104) 1007
(1105) 1046
(1106) 1009
(1107) 1017
(1108) 1062
(1109) 1013
(1110) 1027
(1111) 981
(1112) 1034
(1113) 1000
(1114) 990
(1115) 971
(1116) 1018
(1117) 990
(1118) 956
(1119) 980
(1120) 997
(1121) 986
(1122) 949
(1123) 995
(1124) 975
(1125) 989
(1126) 1006
(1127) 972
(1128) 971
(1129) 981
(1130) 895
(1131) 933
(1132) 960
(1133) 968
(1134) 919
(1135) 935
(1136) 934
(1137) 991
(1138) 936
(1139) 964
(1140) 937
(1141) 852
(1142) 943
(1143) 951
(1144) 892
(1145) 963
(1146) 908
(1147) 914
(1148) 947
(1149) 899
(1150) 934
(1151) 915
(1152) 894
(1153) 889
(1154) 891
(1155) 911
(1156) 945
(1157) 889
(1158) 869
(1159) 872
(1160) 892
(1161) 838
(1162) 888
(1163) 862
(1164) 849
(1165) 896
(1166) 894
(1167) 877
(1168) 878
(1169) 857
(1170) 862
(1171) 867
(1172) 873
(1173) 849
(1174) 837
(1175) 836
(1176) 825
(1177) 842
(1178) 837
(1179) 792
(1180) 856
(1181) 785
(1182) 851
(1183) 858
(1184) 830
(1185) 811
(1186) 827
(1187) 847
(1188) 844
(1189) 793
(1190) 798
(1191) 824
(1192) 852
(1193) 803
(1194) 807
(1195) 794
(1196) 759
(1197) 789
(1198) 796
(1199) 794
(1200) 719
(1201) 782
(1202) 809
(1203) 823
(1204) 790
(1205) 797
(1206) 735
(1207) 734
(1208) 728
(1209) 808
(1210) 741
(1211) 755
(1212) 735
(1213) 741
(1214) 798
(1215) 717
(1216) 731
(1217) 751
(1218) 725
(1219) 750
(1220) 783
(1221) 778
(1222) 702
(1223) 764
(1224) 710
(1225) 721
(1226) 740
(1227) 747
(1228) 743
(1229) 747
(1230) 718
(1231) 741
(1232) 706
(1233) 715
(1234) 731
(1235) 689
(1236) 740
(1237) 744
(1238) 659
(1239) 657
(1240) 701
(1241) 729
(1242) 732
(1243) 686
(1244) 676
(1245) 670
(1246) 684
(1247) 696
(1248) 680
(1249) 684
(1250) 720
(1251) 684
(1252) 693
(1253) 697
(1254) 696
(1255) 704
(1256) 728
(1257) 735
(1258) 647
(1259) 641
(1260) 626
(1261) 707
(1262) 666
(1263) 623
(1264) 705
(1265) 640
(1266) 705
(1267) 641
(1268) 660
(1269) 635
(1270) 684
(1271) 620
(1272) 644
(1273) 677
(1274) 658
(1275) 659
(1276) 694
(1277) 642
(1278) 630
(1279) 651
(1280) 627
(1281) 620
(1282) 627
(1283) 612
(1284) 657
(1285) 618
(1286) 646
(1287) 668
(1288) 611
(1289) 611
(1290) 646
(1291) 614
(1292) 639
(1293) 620
(1294) 634
(1295) 653
(1296) 599
(1297) 638
(1298) 607
(1299) 623
(1300) 591
(1301) 598
(1302) 599
(1303) 585
(1304) 642
(1305) 611
(1306) 545
(1307) 596
(1308) 619
(1309) 581
(1310) 562
(1311) 590
(1312) 607
(1313) 601
(1314) 594
(1315) 579
(1316) 618
(1317) 597
(1318) 573
(1319) 596
(1320) 584
(1321) 572
(1322) 574
(1323) 597
(1324) 558
(1325) 595
(1326) 606
(1327) 584
(1328) 621
(1329) 582
(1330) 571
(1331) 559
(1332) 607
(1333) 577
(1334) 560
(1335) 511
(1336) 551
(1337) 567
(1338) 576
(1339) 600
(1340) 555
(1341) 578
(1342) 571
(1343) 614
(1344) 542
(1345) 535
(1346) 569
(1347) 545
(1348) 561
(1349) 521
(1350) 586
(1351) 548
(1352) 569
(1353) 495
(1354) 550
(1355) 562
(1356) 515
(1357) 494
(1358) 564
(1359) 551
(1360) 498
(1361) 519
(1362) 551
(1363) 543
(1364) 494
(1365) 575
(1366) 580
(1367) 530
(1368) 513
(1369) 530
(1370) 527
(1371) 506
(1372) 547
(1373) 549
(1374) 535
(1375) 519
(1376) 481
(1377) 508
(1378) 503
(1379) 509
(1380) 524
(1381) 520
(1382) 547
(1383) 497
(1384) 568
(1385) 559
(1386) 513
(1387) 517
(1388) 508
(1389) 474
(1390) 506
(1391) 507
(1392) 516
(1393) 509
(1394) 544
(1395) 493
(1396) 496
(1397) 541
(1398) 522
(1399) 506
(1400) 527
(1401) 543
(1402) 511
(1403) 521
(1404) 509
(1405) 542
(1406) 520
(1407) 480
(1408) 528
(1409) 495
(1410) 481
(1411) 470
(1412) 455
(1413) 503
(1414) 506
(1415) 497
(1416) 509
(1417) 531
(1418) 466
(1419) 491
(1420) 509
(1421) 527
(1422) 513
(1423) 519
(1424) 455
(1425) 491
(1426) 522
(1427) 461
(1428) 455
(1429) 487
(1430) 485
(1431) 491
(1432) 485
(1433) 536
(1434) 466
(1435) 466
(1436) 474
(1437) 503
(1438) 475
(1439) 488
(1440) 473
(1441) 446
(1442) 472
(1443) 444
(1444) 505
(1445) 470
(1446) 450
(1447) 466
(1448) 457
(1449) 528
(1450) 479
(1451) 463
(1452) 480
(1453) 468
(1454) 467
(1455) 486
(1456) 485
(1457) 454
(1458) 451
(1459) 446
(1460) 442
(1461) 473
(1462) 495
(1463) 450
(1464) 457
(1465) 468
(1466) 428
(1467) 451
(1468) 471
(1469) 493
(1470) 451
(1471) 486
(1472) 454
(1473) 435
(1474) 468
(1475) 447
(1476) 488
(1477) 443
(1478) 483
(1479) 449
(1480) 454
(1481) 445
(1482) 470
(1483) 458
(1484) 457
(1485) 441
(1486) 453
(1487) 479
(1488) 461
(1489) 474
(1490) 465
(1491) 498
(1492) 473
(1493) 487
(1494) 440
(1495) 430
(1496) 487
(1497) 490
(1498) 479
(1499) 446
(1500) 476
(1501) 448
(1502) 457
(1503) 437
(1504) 484
(1505) 465
(1506) 470
(1507) 475
(1508) 446
(1509) 459
(1510) 452
(1511) 454
(1512) 424
(1513) 436
(1514) 407
(1515) 427
(1516) 452
(1517) 453
(1518) 424
(1519) 455
(1520) 416
(1521) 453
(1522) 437
(1523) 459
(1524) 452
(1525) 428
(1526) 421
(1527) 478
(1528) 439
(1529) 470
(1530) 457
(1531) 453
(1532) 441
(1533) 422
(1534) 416
(1535) 407
(1536) 393
(1537) 425
(1538) 405
(1539) 448
(1540) 457
(1541) 449
(1542) 446
(1543) 453
(1544) 437
(1545) 453
(1546) 457
(1547) 453
(1548) 465
(1549) 418
(1550) 427
(1551) 430
(1552) 453
(1553) 469
(1554) 459
(1555) 427
(1556) 434
(1557) 450
(1558) 428
(1559) 446
(1560) 417
(1561) 462
(1562) 438
(1563) 422
(1564) 426
(1565) 445
(1566) 431
(1567) 423
(1568) 441
(1569) 435
(1570) 473
(1571) 432
(1572) 462
(1573) 424
(1574) 457
(1575) 466
(1576) 454
(1577) 450
(1578) 441
(1579) 438
(1580) 457
(1581) 424
(1582) 414
(1583) 468
(1584) 465
(1585) 463
(1586) 434
(1587) 401
(1588) 456
(1589) 472
(1590) 403
(1591) 405
(1592) 462
(1593) 427
(1594) 456
(1595) 409
(1596) 407
(1597) 438
(1598) 416
(1599) 438
(1600) 418
(1601) 441
(1602) 419
(1603) 415
(1604) 428
(1605) 441
(1606) 431
(1607) 436
(1608) 433
(1609) 455
(1610) 429
(1611) 395
(1612) 426
(1613) 447
(1614) 448
(1615) 402
(1616) 439
(1617) 458
(1618) 457
(1619) 425
(1620) 455
(1621) 453
(1622) 428
(1623) 420
(1624) 459
(1625) 418
(1626) 425
(1627) 474
(1628) 452
(1629) 450
(1630) 429
(1631) 448
(1632) 436
(1633) 418
(1634) 444
(1635) 441
(1636) 426
(1637) 478
(1638) 452
(1639) 439
(1640) 425
(1641) 420
(1642) 424
(1643) 363
(1644) 416
(1645) 436
(1646) 466
(1647) 427
(1648) 428
(1649) 411
(1650) 439
(1651) 432
(1652) 453
(1653) 451
(1654) 441
(1655) 454
(1656) 389
(1657) 470
(1658) 446
(1659) 418
(1660) 431
(1661) 403
(1662) 430
(1663) 440
(1664) 431
(1665) 422
(1666) 419
(1667) 457
(1668) 493
(1669) 463
(1670) 426
(1671) 448
(1672) 412
(1673) 472
(1674) 452
(1675) 426
(1676) 472
(1677) 468
(1678) 457
(1679) 440
(1680) 429
(1681) 428
(1682) 468
(1683) 411
(1684) 402
(1685) 424
(1686) 456
(1687) 404
(1688) 450
(1689) 454
(1690) 424
(1691) 439
(1692) 424
(1693) 436
(1694) 404
(1695) 418
(1696) 470
(1697) 450
(1698) 454
(1699) 490
(1700) 429
(1701) 469
(1702) 488
(1703) 471
(1704) 488
(1705) 416
(1706) 440
(1707) 449
(1708) 453
(1709) 424
(1710) 473
(1711) 423
(1712) 430
(1713) 456
(1714) 470
(1715) 401
(1716) 446
(1717) 488
(1718) 459
(1719) 449
(1720) 455
(1721) 466
(1722) 421
(1723) 453
(1724) 417
(1725) 448
(1726) 459
(1727) 463
(1728) 453
(1729) 414
(1730) 457
(1731) 446
(1732) 479
(1733) 484
(1734) 484
(1735) 458
(1736) 436
(1737) 440
(1738) 448
(1739) 424
(1740) 481
(1741) 452
(1742) 457
(1743) 407
(1744) 471
(1745) 435
(1746) 487
(1747) 450
(1748) 430
(1749) 437
(1750) 481
(1751) 437
(1752) 462
(1753) 444
(1754) 464
(1755) 461
(1756) 459
(1757) 450
(1758) 474
(1759) 418
(1760) 466
(1761) 481
(1762) 475
(1763) 458
(1764) 431
(1765) 493
(1766) 473
(1767) 430
(1768) 491
(1769) 490
(1770) 445
(1771) 491
(1772) 486
(1773) 500
(1774) 481
(1775) 456
(1776) 468
(1777) 444
(1778) 471
(1779) 445
(1780) 449
(1781) 457
(1782) 509
(1783) 463
(1784) 463
(1785) 460
(1786) 473
(1787) 458
(1788) 511
(1789) 496
(1790) 496
(1791) 433
(1792) 472
(1793) 479
(1794) 462
(1795) 478
(1796) 504
(1797) 487
(1798) 463
(1799) 481
(1800) 499
(1801) 447
(1802) 451
(1803) 508
(1804) 472
(1805) 494
(1806) 450
(1807) 425
(1808) 483
(1809) 480
(1810) 446
(1811) 468
(1812) 472
(1813) 487
(1814) 447
(1815) 465
(1816) 444
(1817) 481
(1818) 474
(1819) 471
(1820) 497
(1821) 476
(1822) 470
(1823) 468
(1824) 472
(1825) 485
(1826) 464
(1827) 501
(1828) 446
(1829) 465
(1830) 445
(1831) 428
(1832) 488
(1833) 475
(1834) 499
(1835) 516
(1836) 466
(1837) 478
(1838) 513
(1839) 479
(1840) 474
(1841) 455
(1842) 440
(1843) 471
(1844) 470
(1845) 460
(1846) 488
(1847) 501
(1848) 477
(1849) 472
(1850) 503
(1851) 478
(1852) 465
(1853) 430
(1854) 481
(1855) 519
(1856) 449
(1857) 459
(1858) 488
(1859) 510
(1860) 481
(1861) 472
(1862) 527
(1863) 457
(1864) 509
(1865) 463
(1866) 509
(1867) 502
(1868) 467
(1869) 522
(1870) 464
(1871) 538
(1872) 490
(1873) 479
(1874) 474
(1875) 492
(1876) 500
(1877) 505
(1878) 489
(1879) 529
(1880) 472
(1881) 453
(1882) 510
(1883) 504
(1884) 495
(1885) 502
(1886) 500
(1887) 506
(1888) 457
(1889) 509
(1890) 501
(1891) 527
(1892) 564
(1893) 486
(1894) 499
(1895) 504
(1896) 505
(1897) 526
(1898) 492
(1899) 509
(1900) 485
(1901) 517
(1902) 487
(1903) 496
(1904) 499
(1905) 528
(1906) 499
(1907) 496
(1908) 491
(1909) 542
(1910) 476
(1911) 483
(1912) 516
(1913) 527
(1914) 472
(1915) 502
(1916) 544
(1917) 541
(1918) 517
(1919) 554
(1920) 520
(1921) 519
(1922) 478
(1923) 484
(1924) 493
(1925) 506
(1926) 525
(1927) 454
(1928) 504
(1929) 506
(1930) 524
(1931) 550
(1932) 516
(1933) 497
(1934) 563
(1935) 532
(1936) 476
(1937) 532
(1938) 527
(1939) 490
(1940) 503
(1941) 491
(1942) 530
(1943) 503
(1944) 517
(1945) 505
(1946) 489
(1947) 540
(1948) 540
(1949) 547
(1950) 556
(1951) 514
(1952) 526
(1953) 520
(1954) 542
(1955) 487
(1956) 533
(1957) 514
(1958) 530
(1959) 515
(1960) 541
(1961) 508
(1962) 546
(1963) 526
(1964) 511
(1965) 531
(1966) 502
(1967) 468
(1968) 535
(1969) 513
(1970) 558
(1971) 515
(1972) 517
(1973) 566
(1974) 526
(1975) 493
(1976) 541
(1977) 531
(1978) 536
(1979) 489
(1980) 539
(1981) 558
(1982) 524
(1983) 543
(1984) 499
(1985) 548
(1986) 539
(1987) 505
(1988) 504
(1989) 531
(1990) 529
(1991) 553
(1992) 517
(1993) 535
(1994) 529
(1995) 546
(1996) 524
(1997) 518
(1998) 502
(1999) 495
(2000) 526
(2001) 526
(2002) 506
(2003) 510
(2004) 504
(2005) 547
(2006) 576
(2007) 541
(2008) 499
(2009) 488
(2010) 522
(2011) 519
(2012) 534
(2013) 533
(2014) 537
(2015) 538
(2016) 539
(2017) 564
(2018) 520
(2019) 558
(2020) 501
(2021) 534
(2022) 524
(2023) 515
(2024) 511
(2025) 569
(2026) 560
(2027) 531
(2028) 543
(2029) 580
(2030) 503
(2031) 550
(2032) 542
(2033) 540
(2034) 547
(2035) 553
(2036) 530
(2037) 514
(2038) 552
(2039) 527
(2040) 595
(2041) 550
(2042) 519
(2043) 567
(2044) 572
(2045) 534
(2046) 543
(2047) 564
(2048) 531
(2049) 513
(2050) 566
(2051) 549
(2052) 532
(2053) 542
(2054) 563
(2055) 546
(2056) 526
(2057) 536
(2058) 527
(2059) 560
(2060) 514
(2061) 496
(2062) 535
(2063) 554
(2064) 539
(2065) 539
(2066) 508
(2067) 561
(2068) 548
(2069) 597
(2070) 540
(2071) 556
(2072) 549
(2073) 533
(2074) 555
(2075) 558
(2076) 553
(2077) 543
(2078) 591
(2079) 586
(2080) 543
(2081) 536
(2082) 532
(2083) 560
(2084) 541
(2085) 533
(2086) 516
(2087) 567
(2088) 562
(2089) 513
(2090) 572
(2091) 510
(2092) 593
(2093) 547
(2094) 565
(2095) 570
(2096) 568
(2097) 521
(2098) 513
(2099) 577
(2100) 529
(2101) 534
(2102) 567
(2103) 560
(2104) 574
(2105) 536
(2106) 555
(2107) 571
(2108) 519
(2109) 536
(2110) 539
(2111) 527
(2112) 525
(2113) 557
(2114) 566
(2115) 552
(2116) 537
(2117) 579
(2118) 552
(2119) 591
(2120) 572
(2121) 531
(2122) 585
(2123) 552
(2124) 549
(2125) 556
(2126) 525
(2127) 559
(2128) 599
(2129) 583
(2130) 584
(2131) 543
(2132) 549
(2133) 544
(2134) 536
(2135) 570
(2136) 623
(2137) 589
(2138) 574
(2139) 565
(2140) 545
(2141) 595
(2142) 563
(2143) 547
(2144) 569
(2145) 560
(2146) 541
(2147) 527
(2148) 575
(2149) 541
(2150) 537
(2151) 563
(2152) 567
(2153) 543
(2154) 518
(2155) 569
(2156) 582
(2157) 538
(2158) 580
(2159) 517
(2160) 591
(2161) 563
(2162) 564
(2163) 557
(2164) 585
(2165) 633
(2166) 576
(2167) 576
(2168) 505
(2169) 577
(2170) 590
(2171) 588
(2172) 541
(2173) 568
(2174) 528
(2175) 582
(2176) 600
(2177) 542
(2178) 511
(2179) 522
(2180) 571
(2181) 541
(2182) 558
(2183) 543
(2184) 577
(2185) 551
(2186) 557
(2187) 587
(2188) 540
(2189) 518
(2190) 553
(2191) 592
(2192) 581
(2193) 546
(2194) 549
(2195) 587
(2196) 548
(2197) 588
(2198) 581
(2199) 511
(2200) 556
(2201) 605
(2202) 572
(2203) 570
(2204) 623
(2205) 550
(2206) 560
(2207) 547
(2208) 573
(2209) 558
(2210) 584
(2211) 556
(2212) 601
(2213) 549
(2214) 539
(2215) 570
(2216) 549
(2217) 541
(2218) 530
(2219) 533
(2220) 565
(2221) 550
(2222) 563
(2223) 573
(2224) 533
(2225) 538
(2226) 559
(2227) 560
(2228) 595
(2229) 575
(2230) 616
(2231) 575
(2232) 514
(2233) 536
(2234) 601
(2235) 589
(2236) 580
(2237) 538
(2238) 597
(2239) 540
(2240) 568
(2241) 576
(2242) 570
(2243) 554
(2244) 570
(2245) 584
(2246) 554
(2247) 564
(2248) 543
(2249) 583
(2250) 582
(2251) 576
(2252) 562
(2253) 581
(2254) 554
(2255) 528
(2256) 554
(2257) 602
(2258) 541
(2259) 558
(2260) 567
(2261) 602
(2262) 549
(2263) 545
(2264) 563
(2265) 590
(2266) 585
(2267) 543
(2268) 581
(2269) 569
(2270) 576
(2271) 561
(2272) 579
(2273) 545
(2274) 570
(2275) 577
(2276) 556
(2277) 548
(2278) 524
(2279) 535
(2280) 533
(2281) 569
(2282) 582
(2283) 566
(2284) 518
(2285) 542
(2286) 571
(2287) 579
(2288) 579
(2289) 546
(2290) 567
(2291) 579
(2292) 533
(2293) 627
(2294) 562
(2295) 527
(2296) 598
(2297) 575
(2298) 531
(2299) 572
(2300) 582
(2301) 600
(2302) 566
(2303) 512
(2304) 593
(2305) 539
(2306) 568
(2307) 574
(2308) 540
(2309) 569
(2310) 569
(2311) 568
(2312) 556
(2313) 565
(2314) 561
(2315) 550
(2316) 575
(2317) 596
(2318) 527
(2319) 594
(2320) 577
(2321) 539
(2322) 563
(2323) 563
(2324) 555
(2325) 567
(2326) 556
(2327) 518
(2328) 536
(2329) 565
(2330) 591
(2331) 548
(2332) 559
(2333) 538
(2334) 580
(2335) 561
(2336) 569
(2337) 576
(2338) 559
(2339) 518
(2340) 545
(2341) 559
(2342) 576
(2343) 581
(2344) 595
(2345) 548
(2346) 590
(2347) 573
(2348) 553
(2349) 597
(2350) 572
(2351) 554
(2352) 534
(2353) 531
(2354) 501
(2355) 600
(2356) 580
(2357) 581
(2358) 552
(2359) 561
(2360) 527
(2361) 546
(2362) 554
(2363) 577
(2364) 572
(2365) 623
(2366) 564
(2367) 602
(2368) 569
(2369) 574
(2370) 574
(2371) 544
(2372) 539
(2373) 584
(2374) 594
(2375) 579
(2376) 614
(2377) 617
(2378) 548
(2379) 590
(2380) 515
(2381) 554
(2382) 556
(2383) 554
(2384) 559
(2385) 583
(2386) 540
(2387) 580
(2388) 581
(2389) 576
(2390) 570
(2391) 564
(2392) 565
(2393) 592
(2394) 540
(2395) 554
(2396) 602
(2397) 519
(2398) 540
(2399) 601
(2400) 572
(2401) 551
(2402) 542
(2403) 567
(2404) 564
(2405) 615
(2406) 599
(2407) 547
(2408) 581
(2409) 571
(2410) 552
(2411) 553
(2412) 539
(2413) 537
(2414) 566
(2415) 540
(2416) 573
(2417) 607
(2418) 567
(2419) 555
(2420) 558
(2421) 518
(2422) 602
(2423) 528
(2424) 606
(2425) 527
(2426) 577
(2427) 583
(2428) 602
(2429) 556
(2430) 527
(2431) 593
(2432) 554
(2433) 540
(2434) 568
(2435) 530
(2436) 575
(2437) 549
(2438) 525
(2439) 540
(2440) 599
(2441) 555
(2442) 515
(2443) 587
(2444) 555
(2445) 543
(2446) 539
(2447) 588
(2448) 570
(2449) 560
(2450) 569
(2451) 596
(2452) 503
(2453) 555
(2454) 564
(2455) 544
(2456) 582
(2457) 541
(2458) 559
(2459) 570
(2460) 547
(2461) 572
(2462) 547
(2463) 547
(2464) 548
(2465) 520
(2466) 586
(2467) 540
(2468) 558
(2469) 554
(2470) 560
(2471) 532
(2472) 536
(2473) 522
(2474) 539
(2475) 531
(2476) 558
(2477) 525
(2478) 582
(2479) 562
(2480) 570
(2481) 593
(2482) 584
(2483) 530
(2484) 518
(2485) 515
(2486) 578
(2487) 543
(2488) 554
(2489) 553
(2490) 550
(2491) 577
(2492) 524
(2493) 574
(2494) 549
(2495) 581
(2496) 543
(2497) 568
(2498) 538
(2499) 556
(2500) 551
(2501) 539
(2502) 560
(2503) 546
(2504) 570
(2505) 561
(2506) 565
(2507) 579
(2508) 535
(2509) 604
(2510) 536
(2511) 587
(2512) 566
(2513) 514
(2514) 588
(2515) 532
(2516) 502
(2517) 553
(2518) 529
(2519) 517
(2520) 550
(2521) 496
(2522) 530
(2523) 570
(2524) 547
(2525) 553
(2526) 522
(2527) 566
(2528) 535
(2529) 529
(2530) 559
(2531) 523
(2532) 564
(2533) 570
(2534) 531
(2535) 522
(2536) 554
(2537) 527
(2538) 563
(2539) 547
(2540) 587
(2541) 538
(2542) 555
(2543) 572
(2544) 544
(2545) 562
(2546) 550
(2547) 562
(2548) 506
(2549) 525
(2550) 499
(2551) 557
(2552) 504
(2553) 564
(2554) 593
(2555) 577
(2556) 601
(2557) 582
(2558) 598
(2559) 524
(2560) 530
(2561) 513
(2562) 534
(2563) 525
(2564) 564
(2565) 546
(2566) 528
(2567) 552
(2568) 525
(2569) 539
(2570) 493
(2571) 542
(2572) 546
(2573) 542
(2574) 537
(2575) 523
(2576) 535
(2577) 522
(2578) 523
(2579) 571
(2580) 555
(2581) 550
(2582) 521
(2583) 521
(2584) 552
(2585) 511
(2586) 516
(2587) 519
(2588) 488
(2589) 544
(2590) 518
(2591) 534
(2592) 504
(2593) 498
(2594) 507
(2595) 540
(2596) 563
(2597) 499
(2598) 504
(2599) 543
(2600) 499
(2601) 525
(2602) 526
(2603) 535
(2604) 540
(2605) 534
(2606) 538
(2607) 544
(2608) 460
(2609) 525
(2610) 550
(2611) 495
(2612) 560
(2613) 475
(2614) 536
(2615) 505
(2616) 484
(2617) 547
(2618) 524
(2619) 551
(2620) 542
(2621) 564
(2622) 511
(2623) 519
(2624) 528
(2625) 562
(2626) 516
(2627) 581
(2628) 523
(2629) 500
(2630) 535
(2631) 537
(2632) 574
(2633) 513
(2634) 505
(2635) 520
(2636) 533
(2637) 535
(2638) 502
(2639) 531
(2640) 494
(2641) 503
(2642) 477
(2643) 543
(2644) 535
(2645) 532
(2646) 540
(2647) 531
(2648) 523
(2649) 505
(2650) 538
(2651) 524
(2652) 525
(2653) 525
(2654) 507
(2655) 574
(2656) 504
(2657) 495
(2658) 528
(2659) 515
(2660) 554
(2661) 543
(2662) 543
(2663) 567
(2664) 509
(2665) 546
(2666) 517
(2667) 511
(2668) 502
(2669) 504
(2670) 493
(2671) 532
(2672) 509
(2673) 540
(2674) 522
(2675) 563
(2676) 495
(2677) 536
(2678) 502
(2679) 493
(2680) 496
(2681) 511
(2682) 522
(2683) 509
(2684) 500
(2685) 527
(2686) 542
(2687) 501
(2688) 540
(2689) 542
(2690) 520
(2691) 511
(2692) 535
(2693) 550
(2694) 527
(2695) 514
(2696) 501
(2697) 485
(2698) 533
(2699) 531
(2700) 561
(2701) 472
(2702) 491
(2703) 495
(2704) 525
(2705) 513
(2706) 486
(2707) 510
(2708) 514
(2709) 477
(2710) 517
(2711) 493
(2712) 485
(2713) 543
(2714) 498
(2715) 490
(2716) 534
(2717) 508
(2718) 534
(2719) 532
(2720) 482
(2721) 488
(2722) 502
(2723) 536
(2724) 505
(2725) 481
(2726) 479
(2727) 494
(2728) 483
(2729) 502
(2730) 495
(2731) 502
(2732) 493
(2733) 493
(2734) 482
(2735) 535
(2736) 514
(2737) 496
(2738) 508
(2739) 491
(2740) 489
(2741) 495
(2742) 520
(2743) 480
(2744) 443
(2745) 488
(2746) 510
(2747) 483
(2748) 477
(2749) 520
(2750) 479
(2751) 523
(2752) 472
(2753) 496
(2754) 502
(2755) 480
(2756) 474
(2757) 456
(2758) 513
(2759) 469
(2760) 504
(2761) 514
(2762) 506
(2763) 562
(2764) 483
(2765) 526
(2766) 479
(2767) 492
(2768) 496
(2769) 508
(2770) 481
(2771) 505
(2772) 457
(2773) 472
(2774) 500
(2775) 482
(2776) 510
(2777) 476
(2778) 511
(2779) 546
(2780) 539
(2781) 509
(2782) 481
(2783) 479
(2784) 500
(2785) 500
(2786) 550
(2787) 496
(2788) 473
(2789) 469
(2790) 497
(2791) 467
(2792) 513
(2793) 516
(2794) 455
(2795) 464
(2796) 504
(2797) 499
(2798) 505
(2799) 489
(2800) 494
(2801) 512
(2802) 481
(2803) 478
(2804) 488
(2805) 487
(2806) 467
(2807) 494
(2808) 527
(2809) 493
(2810) 535
(2811) 484
(2812) 480
(2813) 482
(2814) 468
(2815) 483
(2816) 488
(2817) 507
(2818) 511
(2819) 494
(2820) 507
(2821) 451
(2822) 522
(2823) 498
(2824) 448
(2825) 502
(2826) 469
(2827) 486
(2828) 525
(2829) 481
(2830) 494
(2831) 496
(2832) 455
(2833) 475
(2834) 512
(2835) 456
(2836) 502
(2837) 481
(2838) 459
(2839) 461
(2840) 507
(2841) 454
(2842) 464
(2843) 495
(2844) 450
(2845) 482
(2846) 481
(2847) 479
(2848) 469
(2849) 452
(2850) 487
(2851) 499
(2852) 488
(2853) 461
(2854) 474
(2855) 488
(2856) 493
(2857) 482
(2858) 507
(2859) 502
(2860) 491
(2861) 458
(2862) 440
(2863) 462
(2864) 445
(2865) 431
(2866) 497
(2867) 446
(2868) 460
(2869) 472
(2870) 460
(2871) 468
(2872) 503
(2873) 428
(2874) 500
(2875) 463
(2876) 470
(2877) 490
(2878) 462
(2879) 484
(2880) 463
(2881) 505
(2882) 463
(2883) 462
(2884) 469
(2885) 448
(2886) 494
(2887) 441
(2888) 452
(2889) 456
(2890) 436
(2891) 471
(2892) 453
(2893) 483
(2894) 472
(2895) 514
(2896) 475
(2897) 477
(2898) 489
(2899) 493
(2900) 527
(2901) 459
(2902) 504
(2903) 467
(2904) 432
(2905) 478
(2906) 415
(2907) 472
(2908) 443
(2909) 445
(2910) 451
(2911) 445
(2912) 460
(2913) 469
(2914) 453
(2915) 441
(2916) 463
(2917) 429
(2918) 426
(2919) 464
(2920) 459
(2921) 452
(2922) 483
(2923) 450
(2924) 455
(2925) 436
(2926) 459
(2927) 466
(2928) 455
(2929) 416
(2930) 479
(2931) 441
(2932) 464
(2933) 428
(2934) 448
(2935) 482
(2936) 467
(2937) 479
(2938) 388
(2939) 496
(2940) 441
(2941) 454
(2942) 480
(2943) 482
(2944) 467
(2945) 428
(2946) 460
(2947) 443
(2948) 466
(2949) 458
(2950) 462
(2951) 418
(2952) 465
(2953) 448
(2954) 503
(2955) 421
(2956) 411
(2957) 461
(2958) 441
(2959) 459
(2960) 470
(2961) 454
(2962) 447
(2963) 444
(2964) 416
(2965) 451
(2966) 487
(2967) 463
(2968) 460
(2969) 443
(2970) 468
(2971) 453
(2972) 428
(2973) 447
(2974) 426
(2975) 425
(2976) 420
(2977) 401
(2978) 423
(2979) 448
(2980) 433
(2981) 470
(2982) 445
(2983) 397
(2984) 449
(2985) 435
(2986) 458
(2987) 443
(2988) 428
(2989) 425
(2990) 424
(2991) 438
(2992) 414
(2993) 465
(2994) 430
(2995) 421
(2996) 495
(2997) 463
(2998) 456
(2999) 421
(3000) 418
(3001) 418
(3002) 425
(3003) 437
(3004) 406
(3005) 411
(3006) 428
(3007) 410
(3008) 433
(3009) 417
(3010) 459
(3011) 477
(3012) 409
(3013) 428
(3014) 439
(3015) 458
(3016) 399
(3017) 432
(3018) 455
(3019) 411
(3020) 446
(3021) 424
(3022) 482
(3023) 492
(3024) 448
(3025) 426
(3026) 431
(3027) 443
(3028) 463
(3029) 427
(3030) 442
(3031) 396
(3032) 439
(3033) 408
(3034) 416
(3035) 429
(3036) 436
(3037) 423
(3038) 440
(3039) 416
(3040) 413
(3041) 414
(3042) 444
(3043) 431
(3044) 447
(3045) 429
(3046) 420
(3047) 427
(3048) 414
(3049) 414
(3050) 463
(3051) 420
(3052) 435
(3053) 386
(3054) 435
(3055) 451
(3056) 412
(3057) 416
(3058) 427
(3059) 449
(3060) 375
(3061) 412
(3062) 437
(3063) 397
(3064) 401
(3065) 440
(3066) 399
(3067) 444
(3068) 424
(3069) 463
(3070) 444
(3071) 423
(3072) 430
(3073) 394
(3074) 410
(3075) 406
(3076) 447
(3077) 396
(3078) 431
(3079) 427
(3080) 435
(3081) 471
(3082) 418
(3083) 403
(3084) 403
(3085) 449
(3086) 379
(3087) 420
(3088) 411
(3089) 397
(3090) 405
(3091) 431
(3092) 438
(3093) 426
(3094) 424
(3095) 404
(3096) 445
(3097) 435
(3098) 449
(3099) 403
(3100) 437
(3101) 430
(3102) 414
(3103) 403
(3104) 403
(3105) 418
(3106) 400
(3107) 424
(3108) 433
(3109) 394
(3110) 396
(3111) 406
(3112) 449
(3113) 398
(3114) 434
(3115) 396
(3116) 373
(3117) 426
(3118) 434
(3119) 418
(3120) 404
(3121) 440
(3122) 405
(3123) 392
(3124) 391
(3125) 430
(3126) 387
(3127) 414
(3128) 384
(3129) 422
(3130) 424
(3131) 422
(3132) 390
(3133) 386
(3134) 407
(3135) 388
(3136) 425
(3137) 400
(3138) 377
(3139) 393
(3140) 399
(3141) 364
(3142) 388
(3143) 424
(3144) 460
(3145) 432
(3146) 406
(3147) 416
(3148) 368
(3149) 421
(3150) 351
(3151) 419
(3152) 397
(3153) 435
(3154) 398
(3155) 410
(3156) 415
(3157) 423
(3158) 398
(3159) 433
(3160) 393
(3161) 438
(3162) 410
(3163) 419
(3164) 403
(3165) 403
(3166) 375
(3167) 398
(3168) 419
(3169) 362
(3170) 399
(3171) 387
(3172) 379
(3173) 375
(3174) 406
(3175) 370
(3176) 418
(3177) 415
(3178) 382
(3179) 394
(3180) 430
(3181) 390
(3182) 417
(3183) 424
(3184) 375
(3185) 372
(3186) 399
(3187) 433
(3188) 410
(3189) 366
(3190) 386
(3191) 364
(3192) 403
(3193) 358
(3194) 403
(3195) 382
(3196) 402
(3197) 384
(3198) 374
(3199) 384
(3200) 402
(3201) 377
(3202) 390
(3203) 371
(3204) 376
(3205) 353
(3206) 433
(3207) 416
(3208) 396
(3209) 413
(3210) 380
(3211) 385
(3212) 365
(3213) 393
(3214) 385
(3215) 424
(3216) 404
(3217) 372
(3218) 388
(3219) 378
(3220) 375
(3221) 403
(3222) 364
(3223) 393
(3224) 426
(3225) 406
(3226) 385
(3227) 355
(3228) 422
(3229) 373
(3230) 401
(3231) 362
(3232) 390
(3233) 375
(3234) 363
(3235) 366
(3236) 391
(3237) 402
(3238) 412
(3239) 381
(3240) 413
(3241) 379
(3242) 376
(3243) 354
(3244) 399
(3245) 374
(3246) 373
(3247) 386
(3248) 352
(3249) 374
(3250) 379
(3251) 410
(3252) 394
(3253) 358
(3254) 411
(3255) 398
(3256) 370
(3257) 372
(3258) 393
(3259) 351
(3260) 339
(3261) 415
(3262) 349
(3263) 412
(3264) 360
(3265) 428
(3266) 383
(3267) 378
(3268) 372
(3269) 390
(3270) 368
(3271) 356
(3272) 363
(3273) 373
(3274) 373
(3275) 370
(3276) 378
(3277) 393
(3278) 341
(3279) 365
(3280) 371
(3281) 381
(3282) 340
(3283) 405
(3284) 362
(3285) 322
(3286) 403
(3287) 371
(3288) 348
(3289) 360
(3290) 350
(3291) 381
(3292) 381
(3293) 356
(3294) 372
(3295) 389
(3296) 375
(3297) 360
(3298) 347
(3299) 370
(3300) 369
(3301) 322
(3302) 393
(3303) 377
(3304) 342
(3305) 352
(3306) 346
(3307) 348
(3308) 359
(3309) 376
(3310) 363
(3311) 379
(3312) 386
(3313) 374
(3314) 360
(3315) 352
(3316) 377
(3317) 355
(3318) 395
(3319) 360
(3320) 363
(3321) 372
(3322) 351
(3323) 324
(3324) 422
(3325) 356
(3326) 325
(3327) 372
(3328) 386
(3329) 350
(3330) 360
(3331) 354
(3332) 357
(3333) 362
(3334) 358
(3335) 353
(3336) 366
(3337) 361
(3338) 390
(3339) 373
(3340) 342
(3341) 365
(3342) 337
(3343) 336
(3344) 362
(3345) 367
(3346) 367
(3347) 347
(3348) 349
(3349) 342
(3350) 356
(3351) 367
(3352) 350
(3353) 329
(3354) 357
(3355) 343
(3356) 363
(3357) 347
(3358) 370
(3359) 353
(3360) 328
(3361) 348
(3362) 345
(3363) 352
(3364) 361
(3365) 385
(3366) 325
(3367) 322
(3368) 372
(3369) 360
(3370) 385
(3371) 336
(3372) 353
(3373) 371
(3374) 348
(3375) 336
(3376) 325
(3377) 349
(3378) 325
(3379) 341
(3380) 344
(3381) 331
(3382) 345
(3383) 369
(3384) 353
(3385) 351
(3386) 340
(3387) 389
(3388) 304
(3389) 387
(3390) 349
(3391) 341
(3392) 335
(3393) 325
(3394) 348
(3395) 323
(3396) 330
(3397) 356
(3398) 325
(3399) 301
(3400) 348
(3401) 329
(3402) 365
(3403) 358
(3404) 373
(3405) 372
(3406) 325
(3407) 343
(3408) 308
(3409) 367
(3410) 329
(3411) 328
(3412) 335
(3413) 341
(3414) 330
(3415) 332
(3416) 347
(3417) 302
(3418) 384
(3419) 331
(3420) 374
(3421) 307
(3422) 320
(3423) 364
(3424) 351
(3425) 296
(3426) 360
(3427) 369
(3428) 376
(3429) 323
(3430) 338
(3431) 362
(3432) 350
(3433) 340
(3434) 312
(3435) 353
(3436) 350
(3437) 326
(3438) 331
(3439) 333
(3440) 314
(3441) 327
(3442) 306
(3443) 330
(3444) 334
(3445) 338
(3446) 289
(3447) 320
(3448) 329
(3449) 316
(3450) 348
(3451) 330
(3452) 355
(3453) 335
(3454) 334
(3455) 309
(3456) 309
(3457) 331
(3458) 336
(3459) 331
(3460) 316
(3461) 347
(3462) 324
(3463) 313
(3464) 336
(3465) 341
(3466) 332
(3467) 303
(3468) 327
(3469) 318
(3470) 327
(3471) 313
(3472) 331
(3473) 337
(3474) 332
(3475) 321
(3476) 328
(3477) 305
(3478) 337
(3479) 327
(3480) 325
(3481) 325
(3482) 347
(3483) 341
(3484) 339
(3485) 336
(3486) 328
(3487) 345
(3488) 333
(3489) 329
(3490) 339
(3491) 344
(3492) 354
(3493) 331
(3494) 343
(3495) 354
(3496) 342
(3497) 304
(3498) 298
(3499) 294
(3500) 284
(3501) 318
(3502) 313
(3503) 327
(3504) 304
(3505) 282
(3506) 343
(3507) 288
(3508) 316
(3509) 334
(3510) 305
(3511) 323
(3512) 345
(3513) 346
(3514) 279
(3515) 321
(3516) 302
(3517) 340
(3518) 277
(3519) 321
(3520) 316
(3521) 320
(3522) 317
(3523) 353
(3524) 324
(3525) 309
(3526) 319
(3527) 321
(3528) 301
(3529) 325
(3530) 331
(3531) 283
(3532) 307
(3533) 324
(3534) 314
(3535) 328
(3536) 300
(3537) 304
(3538) 347
(3539) 290
(3540) 298
(3541) 294
(3542) 317
(3543) 297
(3544) 294
(3545) 315
(3546) 249
(3547) 313
(3548) 326
(3549) 317
(3550) 333
(3551) 294
(3552) 299
(3553) 301
(3554) 304
(3555) 292
(3556) 311
(3557) 331
(3558) 335
(3559) 331
(3560) 301
(3561) 286
(3562) 292
(3563) 318
(3564) 320
(3565) 313
(3566) 304
(3567) 328
(3568) 298
(3569) 304
(3570) 293
(3571) 317
(3572) 319
(3573) 322
(3574) 294
(3575) 297
(3576) 306
(3577) 308
(3578) 325
(3579) 306
(3580) 297
(3581) 313
(3582) 290
(3583) 325
(3584) 322
(3585) 313
(3586) 277
(3587) 303
(3588) 313
(3589) 303
(3590) 313
(3591) 333
(3592) 313
(3593) 319
(3594) 312
(3595) 276
(3596) 300
(3597) 289
(3598) 306
(3599) 304
(3600) 327
(3601) 287
(3602) 277
(3603) 291
(3604) 261
(3605) 309
(3606) 317
(3607) 311
(3608) 271
(3609) 322
(3610) 306
(3611) 294
(3612) 328
(3613) 305
(3614) 303
(3615) 287
(3616) 282
(3617) 345
(3618) 301
(3619) 318
(3620) 303
(3621) 302
(3622) 282
(3623) 293
(3624) 315
(3625) 304
(3626) 306
(3627) 297
(3628) 284
(3629) 297
(3630) 297
(3631) 322
(3632) 282
(3633) 298
(3634) 285
(3635) 308
(3636) 322
(3637) 296
(3638) 277
(3639) 317
(3640) 336
(3641) 283
(3642) 320
(3643) 310
(3644) 299
(3645) 288
(3646) 315
(3647) 286
(3648) 262
(3649) 281
(3650) 287
(3651) 290
(3652) 265
(3653) 291
(3654) 290
(3655) 309
(3656) 279
(3657) 260
(3658) 302
(3659) 289
(3660) 307
(3661) 286
(3662) 303
(3663) 281
(3664) 297
(3665) 273
(3666) 281
(3667) 278
(3668) 275
(3669) 294
(3670) 275
(3671) 293
(3672) 315
(3673) 283
(3674) 285
(3675) 260
(3676) 284
(3677) 269
(3678) 285
(3679) 307
(3680) 309
(3681) 282
(3682) 278
(3683) 290
(3684) 318
(3685) 298
(3686) 302
(3687) 267
(3688) 285
(3689) 281
(3690) 314
(3691) 308
(3692) 308
(3693) 318
(3694) 274
(3695) 299
(3696) 284
(3697) 269
(3698) 266
(3699) 261
(3700) 271
(3701) 267
(3702) 306
(3703) 292
(3704) 288
(3705) 297
(3706) 274
(3707) 282
(3708) 284
(3709) 272
(3710) 261
(3711) 293
(3712) 305
(3713) 254
(3714) 289
(3715) 315
(3716) 273
(3717) 253
(3718) 283
(3719) 283
(3720) 267
(3721) 261
(3722) 306
(3723) 274
(3724) 291
(3725) 306
(3726) 301
(3727) 278
(3728) 284
(3729) 271
(3730) 284
(3731) 310
(3732) 275
(3733) 276
(3734) 271
(3735) 251
(3736) 271
(3737) 282
(3738) 278
(3739) 276
(3740) 267
(3741) 243
(3742) 269
(3743) 305
(3744) 270
(3745) 298
(3746) 295
(3747) 277
(3748) 264
(3749) 268
(3750) 277
(3751) 268
(3752) 306
(3753) 281
(3754) 262
(3755) 301
(3756) 262
(3757) 259
(3758) 297
(3759) 243
(3760) 257
(3761) 249
(3762) 273
(3763) 303
(3764) 266
(3765) 304
(3766) 283
(3767) 279
(3768) 299
(3769) 265
(3770) 250
(3771) 245
(3772) 287
(3773) 270
(3774) 292
(3775) 274
(3776) 257
(3777) 278
(3778) 248
(3779) 258
(3780) 295
(3781) 302
(3782) 271
(3783) 270
(3784) 269
(3785) 273
(3786) 264
(3787) 264
(3788) 278
(3789) 244
(3790) 247
(3791) 290
(3792) 253
(3793) 272
(3794) 271
(3795) 267
(3796) 291
(3797) 287
(3798) 263
(3799) 261
(3800) 254
(3801) 288
(3802) 274
(3803) 288
(3804) 264
(3805) 265
(3806) 276
(3807) 298
(3808) 269
(3809) 293
(3810) 298
(3811) 248
(3812) 291
(3813) 262
(3814) 263
(3815) 262
(3816) 257
(3817) 247
(3818) 270
(3819) 294
(3820) 291
(3821) 286
(3822) 246
(3823) 263
(3824) 277
(3825) 256
(3826) 296
(3827) 256
(3828) 259
(3829) 265
(3830) 240
(3831) 272
(3832) 277
(3833) 244
(3834) 278
(3835) 261
(3836) 267
(3837) 257
(3838) 227
(3839) 220
(3840) 281
(3841) 258
(3842) 240
(3843) 292
(3844) 257
(3845) 237
(3846) 238
(3847) 259
(3848) 262
(3849) 258
(3850) 255
(3851) 261
(3852) 228
(3853) 231
(3854) 243
(3855) 259
(3856) 240
(3857) 274
(3858) 265
(3859) 236
(3860) 229
(3861) 242
(3862) 254
(3863) 216
(3864) 251
(3865) 223
(3866) 248
(3867) 234
(3868) 213
(3869) 238
(3870) 243
(3871) 236
(3872) 211
(3873) 220
(3874) 234
(3875) 236
(3876) 260
(3877) 257
(3878) 221
(3879) 220
(3880) 233
(3881) 230
(3882) 212
(3883) 210
(3884) 239
(3885) 224
(3886) 226
(3887) 210
(3888) 222
(3889) 219
(3890) 186
(3891) 201
(3892) 226
(3893) 208
(3894) 182
(3895) 214
(3896) 217
(3897) 194
(3898) 201
(3899) 216
(3900) 217
(3901) 202
(3902) 207
(3903) 218
(3904) 220
(3905) 212
(3906) 227
(3907) 179
(3908) 195
(3909) 191
(3910) 200
(3911) 189
(3912) 198
(3913) 159
(3914) 180
(3915) 176
(3916) 197
(3917) 165
(3918) 183
(3919) 180
(3920) 182
(3921) 192
(3922) 197
(3923) 180
(3924) 179
(3925) 174
(3926) 176
(3927) 189
(3928) 200
(3929) 174
(3930) 185
(3931) 178
(3932) 192
(3933) 191
(3934) 182
(3935) 172
(3936) 178
(3937) 171
(3938) 174
(3939) 171
(3940) 160
(3941) 152
(3942) 179
(3943) 167
(3944) 181
(3945) 160
(3946) 165
(3947) 170
(3948) 154
(3949) 175
(3950) 143
(3951) 151
(3952) 158
(3953) 156
(3954) 139
(3955) 161
(3956) 156
(3957) 141
(3958) 169
(3959) 160
(3960) 157
(3961) 152
(3962) 132
(3963) 166
(3964) 128
(3965) 151
(3966) 154
(3967) 160
(3968) 146
(3969) 173
(3970) 158
(3971) 152
(3972) 176
(3973) 136
(3974) 166
(3975) 161
(3976) 140
(3977) 132
(3978) 152
(3979) 144
(3980) 133
(3981) 129
(3982) 147
(3983) 141
(3984) 147
(3985) 130
(3986) 151
(3987) 119
(3988) 143
(3989) 145
(3990) 127
(3991) 134
(3992) 121
(3993) 121
(3994) 143
(3995) 122
(3996) 123
(3997) 130
(3998) 134
(3999) 120
(4000) 124
(4001) 128
(4002) 110
(4003) 137
(4004) 123
(4005) 100
(4006) 122
(4007) 117
(4008) 118
(4009) 103
(4010) 90
(4011) 102
(4012) 118
(4013) 103
(4014) 100
(4015) 123
(4016) 116
(4017) 117
(4018) 138
(4019) 101
(4020) 111
(4021) 121
(4022) 109
(4023) 99
(4024) 95
(4025) 110
(4026) 114
(4027) 93
(4028) 108
(4029) 96
(4030) 94
(4031) 97
(4032) 91
(4033) 91
(4034) 96
(4035) 90
(4036) 79
(4037) 97
(4038) 82
(4039) 88
(4040) 78
(4041) 91
(4042) 96
(4043) 83
(4044) 71
(4045) 91
(4046) 77
(4047) 75
(4048) 75
(4049) 71
(4050) 73
(4051) 71
(4052) 78
(4053) 56
(4054) 62
(4055) 66
(4056) 62
(4057) 69
(4058) 59
(4059) 52
(4060) 58
(4061) 51
(4062) 60
(4063) 48
(4064) 61
(4065) 40
(4066) 60
(4067) 46
(4068) 63
(4069) 44
(4070) 45
(4071) 42
(4072) 43
(4073) 42
(4074) 37
(4075) 38
(4076) 41
(4077) 28
(4078) 25
(4079) 32
(4080) 32
(4081) 31
(4082) 25
(4083) 23
(4084) 30
(4085) 27
(4086) 25
(4087) 19
(4088) 10
(4089) 11
(4090) 9
(4091) 10
(4092) 3
(4093) 2
(4094) 1
(-1) -1
