"quadB_1" (4096)
Sat Nov  5 10:10:08 2005
 2
1 long 
("nero.quadrantB.0.energy")
(0 4095) 
--------------------------------------------
(58) 1
(62) 1
(63) 1
(64) 2
(65) 2
(66) 4
(67) 9
(68) 21
(69) 54
(70) 96
(71) 186
(72) 308
(73) 499
(74) 817
(75) 1148
(76) 1559
(77) 2095
(78) 2609
(79) 3002
(80) 3225
(81) 3224
(82) 3439
(83) 3394
(84) 3466
(85) 3414
(86) 3553
(87) 3759
(88) 3796
(89) 3992
(90) 3963
(91) 4177
(92) 4230
(93) 4384
(94) 4402
(95) 4352
(96) 4341
(97) 4292
(98) 4280
(99) 4121
(100) 4083
(101) 3917
(102) 3588
(103) 3422
(104) 3372
(105) 3223
(106) 3028
(107) 2838
(108) 2648
(109) 2538
(110) 2371
(111) 2191
(112) 2059
(113) 1921
(114) 1710
(115) 1527
(116) 1485
(117) 1379
(118) 1276
(119) 1050
(120) 935
(121) 874
(122) 785
(123) 721
(124) 636
(125) 559
(126) 558
(127) 461
(128) 430
(129) 373
(130) 319
(131) 291
(132) 297
(133) 262
(134) 216
(135) 222
(136) 178
(137) 143
(138) 136
(139) 124
(140) 118
(141) 107
(142) 91
(143) 78
(144) 89
(145) 77
(146) 132
(147) 151
(148) 198
(149) 287
(150) 480
(151) 674
(152) 914
(153) 1106
(154) 1292
(155) 1475
(156) 1485
(157) 1481
(158) 1357
(159) 1185
(160) 1006
(161) 770
(162) 631
(163) 408
(164) 267
(165) 192
(166) 127
(167) 84
(168) 72
(169) 40
(170) 34
(171) 19
(172) 20
(173) 13
(174) 12
(175) 11
(176) 11
(177) 9
(178) 3
(179) 3
(180) 3
(181) 5
(182) 4
(183) 9
(184) 1
(185) 1
(186) 2
(187) 1
(188) 4
(189) 1
(190) 2
(191) 2
(193) 1
(194) 3
(195) 1
(196) 1
(199) 3
(200) 1
(208) 1
(209) 1
(240) 1
(292) 1
(306) 1
(799) 1
(843) 1
(1073) 1
(1112) 1
(1498) 1
(2885) 1
(2896) 1
(2903) 1
(2935) 1
(2974) 2
(2987) 1
(2997) 2
(4093) 2
(4094) 7
(-1) -1
