"quadD_2" (4096)
Sun Jun  3 02:21:36 2007
 2
1 long 
("nero.quadrantD.1.energy")
(0 4095) 
--------------------------------------------
(80) 21317
(81) 20881
(82) 20277
(83) 19202
(84) 18052
(85) 17066
(86) 15845
(87) 14991
(88) 13676
(89) 12675
(90) 11622
(91) 10359
(92) 9599
(93) 8465
(94) 7415
(95) 6491
(96) 5749
(97) 4776
(98) 4105
(99) 3571
(100) 3018
(101) 2499
(102) 2062
(103) 1743
(104) 1438
(105) 1220
(106) 1028
(107) 819
(108) 729
(109) 565
(110) 449
(111) 371
(112) 280
(113) 236
(114) 184
(115) 139
(116) 110
(117) 93
(118) 77
(119) 69
(120) 50
(121) 25
(122) 32
(123) 20
(124) 24
(125) 17
(126) 8
(127) 7
(128) 7
(129) 6
(130) 7
(131) 7
(132) 4
(133) 3
(134) 1
(135) 6
(136) 4
(137) 4
(138) 1
(139) 2
(140) 3
(141) 2
(143) 1
(144) 1
(145) 1
(146) 2
(147) 3
(148) 2
(149) 2
(150) 1
(151) 4
(153) 3
(154) 5
(155) 2
(156) 1
(157) 4
(158) 2
(159) 3
(160) 1
(161) 3
(162) 7
(163) 1
(164) 4
(165) 5
(166) 4
(167) 3
(168) 5
(169) 2
(170) 7
(171) 4
(172) 3
(173) 5
(174) 7
(175) 3
(176) 10
(177) 3
(178) 8
(179) 1
(180) 2
(181) 3
(182) 5
(183) 10
(184) 11
(185) 10
(186) 9
(187) 8
(188) 8
(189) 7
(190) 10
(191) 10
(192) 3
(193) 12
(194) 7
(195) 16
(196) 13
(197) 9
(198) 12
(199) 14
(200) 13
(201) 17
(202) 13
(203) 15
(204) 16
(205) 20
(206) 15
(207) 15
(208) 15
(209) 18
(210) 19
(211) 22
(212) 19
(213) 18
(214) 20
(215) 15
(216) 16
(217) 17
(218) 21
(219) 23
(220) 19
(221) 18
(222) 21
(223) 14
(224) 13
(225) 23
(226) 15
(227) 24
(228) 16
(229) 21
(230) 20
(231) 20
(232) 17
(233) 21
(234) 15
(235) 25
(236) 17
(237) 23
(238) 25
(239) 21
(240) 25
(241) 22
(242) 19
(243) 14
(244) 19
(245) 11
(246) 15
(247) 17
(248) 20
(249) 13
(250) 15
(251) 19
(252) 15
(253) 16
(254) 17
(255) 20
(256) 30
(257) 18
(258) 17
(259) 18
(260) 20
(261) 22
(262) 20
(263) 11
(264) 18
(265) 15
(266) 18
(267) 23
(268) 16
(269) 25
(270) 10
(271) 9
(272) 13
(273) 17
(274) 16
(275) 17
(276) 14
(277) 17
(278) 15
(279) 23
(280) 20
(281) 15
(282) 17
(283) 12
(284) 8
(285) 14
(286) 12
(287) 10
(288) 19
(289) 10
(290) 11
(291) 11
(292) 19
(293) 19
(294) 20
(295) 14
(296) 12
(297) 21
(298) 11
(299) 12
(300) 19
(301) 18
(302) 15
(303) 15
(304) 12
(305) 10
(306) 12
(307) 12
(308) 14
(309) 12
(310) 23
(311) 20
(312) 12
(313) 11
(314) 16
(315) 18
(316) 14
(317) 19
(318) 6
(319) 14
(320) 11
(321) 17
(322) 20
(323) 15
(324) 12
(325) 14
(326) 12
(327) 11
(328) 17
(329) 15
(330) 18
(331) 13
(332) 17
(333) 13
(334) 16
(335) 12
(336) 6
(337) 16
(338) 11
(339) 13
(340) 18
(341) 19
(342) 10
(343) 15
(344) 17
(345) 13
(346) 11
(347) 14
(348) 14
(349) 6
(350) 18
(351) 14
(352) 12
(353) 16
(354) 9
(355) 11
(356) 13
(357) 16
(358) 16
(359) 13
(360) 6
(361) 8
(362) 16
(363) 19
(364) 13
(365) 3
(366) 7
(367) 9
(368) 8
(369) 11
(370) 16
(371) 15
(372) 20
(373) 18
(374) 22
(375) 13
(376) 10
(377) 14
(378) 8
(379) 7
(380) 13
(381) 13
(382) 10
(383) 10
(384) 15
(385) 7
(386) 15
(387) 13
(388) 15
(389) 11
(390) 14
(391) 11
(392) 7
(393) 13
(394) 12
(395) 13
(396) 19
(397) 12
(398) 8
(399) 9
(400) 15
(401) 10
(402) 13
(403) 11
(404) 11
(405) 12
(406) 16
(407) 15
(408) 14
(409) 13
(410) 11
(411) 13
(412) 12
(413) 11
(414) 11
(415) 13
(416) 11
(417) 9
(418) 15
(419) 13
(420) 15
(421) 8
(422) 11
(423) 11
(424) 14
(425) 9
(426) 13
(427) 20
(428) 10
(429) 11
(430) 10
(431) 9
(432) 9
(433) 15
(434) 11
(435) 12
(436) 5
(437) 8
(438) 10
(439) 11
(440) 18
(441) 17
(442) 8
(443) 14
(444) 7
(445) 10
(446) 14
(447) 13
(448) 12
(449) 13
(450) 11
(451) 8
(452) 18
(453) 6
(454) 10
(455) 8
(456) 10
(457) 4
(458) 8
(459) 17
(460) 13
(461) 12
(462) 7
(463) 7
(464) 9
(465) 13
(466) 11
(467) 18
(468) 12
(469) 11
(470) 20
(471) 16
(472) 15
(473) 14
(474) 5
(475) 12
(476) 13
(477) 11
(478) 14
(479) 10
(480) 8
(481) 10
(482) 13
(483) 14
(484) 13
(485) 8
(486) 6
(487) 9
(488) 10
(489) 18
(490) 13
(491) 16
(492) 9
(493) 17
(494) 15
(495) 10
(496) 13
(497) 6
(498) 18
(499) 11
(500) 12
(501) 8
(502) 9
(503) 11
(504) 15
(505) 14
(506) 13
(507) 15
(508) 16
(509) 12
(510) 18
(511) 17
(512) 15
(513) 14
(514) 15
(515) 14
(516) 13
(517) 20
(518) 14
(519) 17
(520) 13
(521) 17
(522) 20
(523) 14
(524) 14
(525) 22
(526) 19
(527) 19
(528) 9
(529) 23
(530) 22
(531) 10
(532) 20
(533) 16
(534) 22
(535) 13
(536) 16
(537) 17
(538) 22
(539) 24
(540) 12
(541) 12
(542) 20
(543) 23
(544) 15
(545) 17
(546) 18
(547) 17
(548) 28
(549) 17
(550) 24
(551) 16
(552) 12
(553) 25
(554) 19
(555) 14
(556) 18
(557) 19
(558) 18
(559) 21
(560) 34
(561) 23
(562) 25
(563) 20
(564) 25
(565) 19
(566) 21
(567) 21
(568) 21
(569) 15
(570) 23
(571) 14
(572) 16
(573) 31
(574) 16
(575) 29
(576) 25
(577) 28
(578) 23
(579) 26
(580) 23
(581) 30
(582) 26
(583) 35
(584) 30
(585) 26
(586) 34
(587) 35
(588) 34
(589) 39
(590) 40
(591) 42
(592) 33
(593) 36
(594) 32
(595) 39
(596) 46
(597) 57
(598) 55
(599) 54
(600) 50
(601) 56
(602) 56
(603) 58
(604) 47
(605) 71
(606) 58
(607) 56
(608) 72
(609) 59
(610) 63
(611) 63
(612) 81
(613) 75
(614) 75
(615) 79
(616) 83
(617) 65
(618) 78
(619) 81
(620) 103
(621) 83
(622) 115
(623) 97
(624) 103
(625) 89
(626) 114
(627) 111
(628) 97
(629) 74
(630) 105
(631) 108
(632) 111
(633) 119
(634) 120
(635) 142
(636) 100
(637) 117
(638) 118
(639) 119
(640) 144
(641) 128
(642) 137
(643) 150
(644) 138
(645) 143
(646) 153
(647) 151
(648) 148
(649) 180
(650) 164
(651) 178
(652) 180
(653) 196
(654) 172
(655) 225
(656) 188
(657) 197
(658) 178
(659) 188
(660) 197
(661) 179
(662) 182
(663) 195
(664) 189
(665) 170
(666) 198
(667) 186
(668) 183
(669) 171
(670) 180
(671) 194
(672) 183
(673) 156
(674) 171
(675) 159
(676) 156
(677) 176
(678) 179
(679) 179
(680) 141
(681) 133
(682) 152
(683) 120
(684) 117
(685) 116
(686) 117
(687) 98
(688) 102
(689) 93
(690) 80
(691) 83
(692) 78
(693) 70
(694) 56
(695) 68
(696) 42
(697) 55
(698) 45
(699) 42
(700) 38
(701) 32
(702) 35
(703) 41
(704) 31
(705) 31
(706) 28
(707) 27
(708) 14
(709) 22
(710) 14
(711) 20
(712) 8
(713) 9
(714) 9
(715) 8
(716) 9
(717) 2
(718) 7
(719) 7
(720) 1
(721) 8
(722) 1
(723) 3
(724) 1
(725) 2
(726) 1
(727) 3
(728) 2
(729) 1
(730) 2
(731) 1
(737) 3
(738) 1
(742) 1
(750) 1
(752) 1
(753) 1
(754) 1
(758) 1
(766) 1
(769) 1
(772) 2
(775) 1
(778) 1
(779) 1
(782) 1
(783) 1
(784) 1
(793) 1
(814) 1
(815) 2
(816) 1
(819) 1
(826) 1
(830) 1
(832) 1
(834) 1
(838) 1
(840) 1
(844) 1
(846) 1
(856) 1
(862) 1
(865) 1
(877) 1
(878) 1
(886) 1
(887) 1
(890) 1
(895) 1
(902) 1
(912) 1
(929) 1
(945) 1
(946) 1
(949) 1
(961) 1
(972) 1
(974) 2
(976) 1
(994) 1
(1012) 1
(1020) 1
(1022) 1
(1047) 1
(1054) 1
(1056) 1
(1057) 1
(1065) 1
(1066) 1
(1069) 1
(1073) 1
(1079) 1
(1081) 1
(1088) 1
(1089) 1
(1094) 1
(1108) 1
(1116) 1
(1133) 3
(1146) 1
(1163) 2
(1168) 1
(1187) 1
(1196) 1
(1235) 1
(1259) 1
(1266) 1
(1274) 1
(1289) 1
(1290) 1
(1302) 1
(1328) 1
(1428) 1
(1437) 1
(1494) 1
(1509) 1
(1583) 1
(1648) 1
(1818) 1
(1853) 1
(1891) 1
(2001) 1
(2192) 1
(2421) 1
(2463) 1
(3469) 1
(3533) 1
(3746) 1
(-1) -1
