"quadD_11" (4096)
Sun Jun  3 02:22:57 2007
 2
1 long 
("nero.quadrantD.10.energy")
(0 4095) 
--------------------------------------------
(96) 1164
(97) 932
(98) 713
(99) 538
(100) 461
(101) 352
(102) 221
(103) 209
(104) 124
(105) 124
(106) 83
(107) 60
(108) 47
(109) 42
(110) 30
(111) 18
(112) 9
(113) 10
(114) 13
(115) 11
(116) 7
(117) 5
(118) 1
(119) 6
(120) 4
(121) 4
(122) 1
(123) 3
(124) 2
(129) 1
(130) 1
(132) 2
(135) 1
(137) 2
(138) 2
(141) 3
(143) 1
(145) 3
(146) 1
(148) 2
(149) 3
(150) 1
(151) 3
(152) 2
(153) 1
(154) 2
(155) 2
(156) 1
(159) 3
(160) 3
(161) 3
(162) 3
(163) 3
(164) 1
(165) 1
(166) 1
(167) 2
(168) 1
(169) 3
(170) 4
(171) 3
(172) 1
(174) 2
(176) 3
(177) 3
(178) 1
(179) 3
(180) 2
(181) 3
(182) 4
(183) 2
(184) 4
(185) 3
(186) 4
(187) 2
(188) 3
(189) 6
(190) 1
(191) 4
(192) 4
(193) 6
(194) 2
(195) 5
(196) 1
(197) 2
(198) 6
(199) 4
(200) 1
(201) 1
(202) 1
(203) 2
(204) 5
(205) 5
(206) 2
(207) 6
(208) 5
(209) 2
(210) 2
(211) 1
(212) 3
(213) 1
(214) 4
(215) 4
(216) 3
(217) 2
(218) 4
(219) 5
(220) 4
(221) 7
(222) 2
(223) 2
(224) 6
(225) 1
(226) 3
(227) 10
(228) 5
(229) 5
(230) 4
(231) 5
(232) 7
(233) 4
(234) 4
(235) 2
(236) 7
(237) 4
(238) 1
(239) 4
(240) 5
(241) 2
(242) 2
(243) 5
(244) 5
(245) 4
(246) 1
(247) 3
(248) 4
(249) 4
(250) 3
(251) 7
(252) 2
(253) 3
(254) 4
(255) 5
(256) 1
(257) 2
(258) 2
(259) 1
(260) 3
(261) 9
(262) 3
(263) 3
(264) 5
(265) 3
(266) 3
(267) 6
(268) 5
(269) 6
(270) 4
(271) 1
(272) 1
(273) 4
(274) 5
(275) 2
(276) 3
(277) 5
(278) 4
(279) 9
(280) 3
(281) 4
(282) 6
(283) 6
(284) 5
(285) 9
(286) 1
(287) 7
(288) 6
(289) 5
(290) 5
(291) 7
(292) 8
(293) 4
(294) 2
(295) 7
(296) 4
(297) 5
(298) 2
(299) 4
(300) 6
(301) 4
(302) 5
(303) 11
(304) 3
(305) 6
(306) 4
(307) 5
(308) 6
(309) 8
(310) 11
(311) 4
(312) 7
(313) 9
(314) 3
(315) 11
(316) 12
(317) 8
(318) 3
(319) 6
(320) 5
(321) 7
(322) 1
(323) 5
(324) 10
(325) 5
(326) 7
(327) 14
(328) 6
(329) 7
(330) 6
(331) 7
(332) 4
(333) 9
(334) 5
(335) 10
(336) 8
(337) 7
(338) 8
(339) 3
(340) 7
(341) 7
(342) 11
(343) 14
(344) 8
(345) 9
(346) 7
(347) 7
(348) 11
(349) 8
(350) 6
(351) 6
(352) 12
(353) 11
(354) 11
(355) 7
(356) 14
(357) 9
(358) 7
(359) 7
(360) 12
(361) 8
(362) 9
(363) 15
(364) 14
(365) 9
(366) 11
(367) 13
(368) 14
(369) 17
(370) 18
(371) 17
(372) 12
(373) 15
(374) 19
(375) 19
(376) 19
(377) 27
(378) 18
(379) 23
(380) 17
(381) 23
(382) 19
(383) 20
(384) 14
(385) 36
(386) 19
(387) 29
(388) 30
(389) 28
(390) 22
(391) 24
(392) 22
(393) 27
(394) 49
(395) 39
(396) 31
(397) 40
(398) 33
(399) 51
(400) 32
(401) 38
(402) 55
(403) 61
(404) 49
(405) 37
(406) 42
(407) 48
(408) 51
(409) 50
(410) 53
(411) 55
(412) 44
(413) 57
(414) 43
(415) 52
(416) 51
(417) 60
(418) 69
(419) 52
(420) 67
(421) 59
(422) 55
(423) 58
(424) 64
(425) 54
(426) 52
(427) 58
(428) 52
(429) 56
(430) 61
(431) 61
(432) 57
(433) 63
(434) 61
(435) 55
(436) 55
(437) 63
(438) 55
(439) 55
(440) 55
(441) 48
(442) 58
(443) 59
(444) 66
(445) 50
(446) 54
(447) 53
(448) 57
(449) 46
(450) 51
(451) 59
(452) 64
(453) 45
(454) 73
(455) 54
(456) 50
(457) 42
(458) 62
(459) 50
(460) 62
(461) 58
(462) 49
(463) 45
(464) 50
(465) 53
(466) 52
(467) 48
(468) 57
(469) 49
(470) 40
(471) 53
(472) 43
(473) 37
(474) 49
(475) 44
(476) 49
(477) 43
(478) 48
(479) 41
(480) 46
(481) 46
(482) 37
(483) 39
(484) 46
(485) 42
(486) 35
(487) 37
(488) 49
(489) 38
(490) 36
(491) 45
(492) 36
(493) 38
(494) 43
(495) 41
(496) 39
(497) 40
(498) 40
(499) 34
(500) 33
(501) 43
(502) 51
(503) 33
(504) 39
(505) 34
(506) 38
(507) 40
(508) 28
(509) 43
(510) 32
(511) 29
(512) 23
(513) 44
(514) 30
(515) 32
(516) 26
(517) 41
(518) 36
(519) 37
(520) 25
(521) 28
(522) 38
(523) 28
(524) 21
(525) 29
(526) 25
(527) 27
(528) 31
(529) 34
(530) 34
(531) 30
(532) 20
(533) 29
(534) 25
(535) 28
(536) 32
(537) 15
(538) 26
(539) 21
(540) 26
(541) 26
(542) 24
(543) 24
(544) 29
(545) 24
(546) 34
(547) 29
(548) 17
(549) 18
(550) 25
(551) 25
(552) 25
(553) 23
(554) 18
(555) 21
(556) 17
(557) 16
(558) 25
(559) 14
(560) 15
(561) 17
(562) 28
(563) 16
(564) 19
(565) 12
(566) 19
(567) 11
(568) 12
(569) 16
(570) 11
(571) 13
(572) 8
(573) 11
(574) 18
(575) 9
(576) 4
(577) 13
(578) 13
(579) 9
(580) 7
(581) 9
(582) 6
(583) 9
(584) 9
(585) 9
(586) 3
(587) 8
(588) 9
(589) 3
(590) 3
(591) 5
(592) 3
(593) 3
(594) 4
(595) 9
(596) 4
(598) 2
(599) 1
(600) 4
(601) 4
(602) 3
(603) 3
(604) 3
(605) 1
(606) 2
(607) 1
(608) 2
(610) 4
(611) 2
(613) 1
(614) 1
(615) 1
(616) 2
(618) 4
(619) 2
(622) 1
(623) 3
(624) 3
(625) 2
(626) 2
(627) 4
(628) 1
(629) 1
(630) 2
(631) 2
(632) 1
(634) 2
(637) 1
(638) 2
(640) 1
(642) 2
(643) 3
(644) 1
(645) 1
(646) 1
(647) 2
(648) 3
(649) 2
(650) 2
(652) 1
(654) 3
(655) 1
(657) 1
(658) 1
(659) 4
(660) 2
(661) 2
(662) 2
(663) 1
(665) 1
(667) 1
(668) 1
(670) 3
(672) 1
(673) 2
(675) 1
(676) 3
(678) 1
(679) 1
(683) 1
(684) 1
(686) 1
(687) 1
(689) 2
(693) 2
(694) 1
(697) 2
(699) 1
(702) 1
(712) 1
(738) 1
(771) 1
(773) 1
(798) 1
(825) 1
(826) 1
(837) 1
(846) 1
(875) 1
(877) 1
(900) 1
(907) 1
(922) 1
(961) 1
(966) 1
(1025) 1
(1027) 1
(1029) 1
(1086) 1
(1361) 1
(1882) 1
(-1) -1
