"quadD_8" (4096)
Sun Jun  3 02:22:28 2007
 2
1 long 
("nero.quadrantD.7.energy")
(0 4095) 
--------------------------------------------
(64) 8252
(65) 9977
(66) 11846
(67) 14006
(68) 15637
(69) 17558
(70) 19387
(71) 20443
(72) 21367
(73) 21468
(74) 21492
(75) 21149
(76) 20730
(77) 19843
(78) 18919
(79) 17909
(80) 16822
(81) 16070
(82) 15043
(83) 13826
(84) 12919
(85) 11835
(86) 10747
(87) 9445
(88) 8548
(89) 7432
(90) 6604
(91) 5728
(92) 5040
(93) 4120
(94) 3613
(95) 3131
(96) 2677
(97) 2152
(98) 1806
(99) 1575
(100) 1276
(101) 1073
(102) 880
(103) 729
(104) 628
(105) 487
(106) 359
(107) 362
(108) 249
(109) 216
(110) 158
(111) 139
(112) 108
(113) 84
(114) 64
(115) 54
(116) 40
(117) 37
(118) 32
(119) 33
(120) 18
(121) 9
(122) 11
(123) 8
(124) 7
(125) 5
(126) 4
(127) 4
(128) 8
(129) 7
(130) 5
(131) 4
(132) 4
(133) 5
(134) 2
(135) 4
(136) 1
(137) 2
(138) 1
(140) 2
(141) 6
(142) 3
(144) 1
(145) 2
(146) 1
(148) 3
(149) 4
(150) 5
(151) 3
(152) 1
(153) 2
(154) 3
(155) 1
(156) 2
(157) 6
(158) 2
(159) 1
(160) 2
(161) 4
(162) 3
(163) 4
(164) 2
(165) 3
(166) 5
(167) 3
(168) 7
(169) 1
(171) 1
(172) 6
(173) 6
(174) 4
(175) 2
(176) 3
(177) 1
(178) 2
(179) 2
(180) 4
(181) 6
(182) 7
(183) 4
(184) 5
(185) 3
(186) 5
(187) 3
(188) 2
(189) 4
(190) 5
(191) 4
(192) 3
(193) 2
(194) 2
(195) 6
(196) 3
(197) 3
(198) 7
(199) 2
(200) 4
(201) 4
(202) 4
(203) 11
(204) 2
(205) 7
(206) 6
(207) 5
(208) 9
(209) 9
(210) 3
(211) 7
(212) 4
(213) 11
(214) 3
(215) 4
(216) 6
(217) 5
(218) 8
(219) 7
(220) 4
(221) 5
(222) 1
(223) 3
(224) 7
(225) 10
(226) 5
(227) 10
(228) 6
(229) 4
(230) 3
(231) 3
(232) 5
(233) 3
(234) 4
(235) 8
(236) 4
(237) 6
(238) 5
(239) 5
(240) 6
(241) 1
(242) 3
(243) 5
(244) 3
(245) 5
(246) 5
(247) 3
(248) 3
(249) 6
(250) 4
(251) 5
(252) 4
(253) 8
(254) 6
(255) 2
(256) 6
(257) 10
(258) 4
(259) 9
(260) 7
(261) 6
(262) 5
(263) 5
(264) 3
(265) 11
(266) 5
(267) 6
(268) 5
(269) 2
(270) 2
(271) 4
(272) 5
(273) 7
(274) 7
(275) 11
(276) 5
(277) 7
(278) 6
(279) 3
(280) 1
(281) 4
(282) 8
(283) 8
(284) 4
(285) 7
(286) 5
(287) 9
(288) 9
(289) 10
(290) 16
(291) 7
(292) 9
(293) 7
(294) 5
(295) 6
(296) 5
(297) 8
(298) 4
(299) 4
(300) 11
(301) 5
(302) 13
(303) 7
(304) 5
(305) 8
(306) 5
(307) 4
(308) 3
(309) 7
(310) 8
(311) 6
(312) 8
(313) 8
(314) 7
(315) 12
(316) 9
(317) 9
(318) 9
(319) 10
(320) 4
(321) 6
(322) 11
(323) 4
(324) 5
(325) 2
(326) 13
(327) 8
(328) 12
(329) 6
(330) 10
(331) 7
(332) 4
(333) 12
(334) 10
(335) 14
(336) 15
(337) 13
(338) 5
(339) 10
(340) 10
(341) 7
(342) 15
(343) 10
(344) 12
(345) 13
(346) 13
(347) 11
(348) 18
(349) 8
(350) 8
(351) 7
(352) 8
(353) 15
(354) 10
(355) 11
(356) 10
(357) 16
(358) 11
(359) 9
(360) 8
(361) 8
(362) 6
(363) 15
(364) 9
(365) 7
(366) 14
(367) 12
(368) 13
(369) 9
(370) 11
(371) 10
(372) 16
(373) 14
(374) 9
(375) 11
(376) 13
(377) 9
(378) 17
(379) 9
(380) 9
(381) 21
(382) 16
(383) 19
(384) 12
(385) 17
(386) 14
(387) 15
(388) 18
(389) 10
(390) 14
(391) 25
(392) 22
(393) 22
(394) 16
(395) 11
(396) 15
(397) 21
(398) 23
(399) 22
(400) 18
(401) 23
(402) 17
(403) 25
(404) 28
(405) 27
(406) 31
(407) 33
(408) 28
(409) 29
(410) 22
(411) 33
(412) 28
(413) 32
(414) 40
(415) 50
(416) 34
(417) 35
(418) 30
(419) 46
(420) 36
(421) 47
(422) 56
(423) 48
(424) 41
(425) 50
(426) 48
(427) 62
(428) 63
(429) 50
(430) 63
(431) 58
(432) 54
(433) 47
(434) 56
(435) 65
(436) 53
(437) 58
(438) 52
(439) 58
(440) 67
(441) 72
(442) 68
(443) 84
(444) 68
(445) 68
(446) 70
(447) 67
(448) 87
(449) 74
(450) 70
(451) 69
(452) 77
(453) 95
(454) 69
(455) 73
(456) 89
(457) 84
(458) 88
(459) 78
(460) 76
(461) 88
(462) 70
(463) 75
(464) 94
(465) 74
(466) 78
(467) 83
(468) 80
(469) 98
(470) 82
(471) 77
(472) 75
(473) 71
(474) 75
(475) 81
(476) 95
(477) 60
(478) 89
(479) 73
(480) 78
(481) 64
(482) 62
(483) 88
(484) 93
(485) 79
(486) 65
(487) 73
(488) 80
(489) 80
(490) 87
(491) 62
(492) 89
(493) 65
(494) 69
(495) 77
(496) 75
(497) 73
(498) 58
(499) 61
(500) 63
(501) 77
(502) 65
(503) 68
(504) 54
(505) 75
(506) 84
(507) 73
(508) 66
(509) 77
(510) 64
(511) 56
(512) 61
(513) 63
(514) 77
(515) 88
(516) 72
(517) 67
(518) 76
(519) 55
(520) 66
(521) 59
(522) 64
(523) 68
(524) 61
(525) 49
(526) 74
(527) 68
(528) 57
(529) 63
(530) 63
(531) 59
(532) 53
(533) 60
(534) 55
(535) 55
(536) 53
(537) 65
(538) 56
(539) 46
(540) 50
(541) 49
(542) 55
(543) 50
(544) 49
(545) 55
(546) 53
(547) 49
(548) 57
(549) 47
(550) 54
(551) 48
(552) 56
(553) 55
(554) 49
(555) 53
(556) 39
(557) 56
(558) 55
(559) 47
(560) 40
(561) 55
(562) 46
(563) 49
(564) 57
(565) 47
(566) 54
(567) 46
(568) 45
(569) 50
(570) 40
(571) 51
(572) 42
(573) 55
(574) 42
(575) 32
(576) 43
(577) 50
(578) 47
(579) 48
(580) 44
(581) 42
(582) 31
(583) 32
(584) 44
(585) 46
(586) 35
(587) 41
(588) 47
(589) 38
(590) 43
(591) 26
(592) 38
(593) 33
(594) 46
(595) 38
(596) 30
(597) 41
(598) 38
(599) 34
(600) 34
(601) 35
(602) 33
(603) 26
(604) 34
(605) 32
(606) 31
(607) 25
(608) 27
(609) 32
(610) 27
(611) 33
(612) 26
(613) 19
(614) 30
(615) 23
(616) 29
(617) 33
(618) 29
(619) 29
(620) 20
(621) 31
(622) 21
(623) 19
(624) 22
(625) 21
(626) 21
(627) 19
(628) 24
(629) 23
(630) 21
(631) 25
(632) 13
(633) 15
(634) 11
(635) 17
(636) 18
(637) 18
(638) 17
(639) 16
(640) 16
(641) 13
(642) 14
(643) 11
(644) 12
(645) 10
(646) 4
(647) 12
(648) 9
(649) 12
(650) 6
(651) 12
(652) 5
(653) 3
(654) 5
(655) 4
(656) 6
(657) 3
(658) 4
(659) 10
(660) 3
(661) 7
(662) 7
(663) 5
(664) 4
(665) 5
(666) 4
(667) 5
(668) 1
(669) 7
(670) 1
(671) 5
(672) 3
(673) 3
(674) 3
(675) 5
(676) 2
(677) 7
(678) 6
(680) 4
(681) 4
(682) 2
(683) 4
(684) 1
(685) 3
(686) 6
(687) 4
(688) 3
(689) 4
(690) 1
(691) 1
(692) 6
(693) 3
(694) 4
(695) 2
(696) 2
(697) 1
(698) 2
(699) 6
(700) 5
(701) 4
(702) 2
(703) 2
(704) 4
(706) 1
(707) 1
(708) 3
(709) 2
(710) 2
(711) 1
(712) 3
(713) 5
(714) 1
(715) 3
(716) 1
(717) 3
(719) 1
(720) 1
(721) 2
(723) 2
(725) 2
(726) 3
(727) 7
(728) 1
(729) 3
(730) 1
(731) 1
(732) 3
(733) 1
(734) 3
(735) 2
(736) 2
(738) 1
(739) 2
(740) 1
(741) 4
(743) 1
(744) 2
(745) 1
(746) 1
(747) 1
(748) 1
(749) 2
(752) 1
(753) 1
(754) 3
(755) 1
(756) 3
(757) 2
(759) 2
(760) 2
(763) 1
(764) 1
(765) 1
(766) 2
(767) 1
(770) 2
(773) 1
(774) 2
(778) 1
(781) 1
(794) 1
(806) 1
(825) 1
(837) 1
(838) 1
(840) 1
(874) 1
(883) 1
(884) 1
(885) 1
(890) 1
(904) 1
(950) 1
(952) 1
(971) 1
(972) 1
(1012) 1
(1063) 1
(1089) 2
(1146) 1
(1171) 1
(1211) 1
(1220) 1
(1309) 1
(1473) 1
(2420) 1
(3260) 1
(-1) -1
