"quadD_9" (4096)
Sun Jun  3 02:22:33 2007
 2
1 long 
("nero.quadrantD.8.energy")
(0 4095) 
--------------------------------------------
(96) 41
(97) 39
(98) 31
(99) 24
(100) 15
(101) 13
(102) 18
(103) 10
(104) 11
(105) 7
(106) 7
(107) 10
(108) 7
(109) 9
(110) 5
(111) 4
(112) 9
(113) 4
(114) 5
(115) 4
(116) 5
(117) 5
(118) 4
(120) 6
(121) 3
(122) 4
(123) 4
(124) 1
(125) 3
(126) 4
(127) 4
(128) 6
(129) 7
(130) 3
(131) 5
(132) 3
(133) 4
(134) 4
(135) 7
(136) 3
(137) 6
(138) 2
(139) 4
(140) 6
(141) 7
(142) 2
(143) 7
(144) 4
(145) 4
(146) 3
(147) 6
(148) 4
(150) 5
(151) 5
(152) 7
(153) 3
(154) 8
(155) 4
(156) 7
(157) 9
(158) 5
(159) 6
(160) 4
(161) 2
(162) 3
(163) 4
(164) 3
(165) 2
(166) 9
(167) 4
(168) 2
(169) 5
(170) 5
(171) 3
(172) 5
(173) 2
(174) 7
(175) 5
(176) 8
(177) 3
(178) 7
(179) 5
(180) 4
(181) 1
(182) 2
(183) 5
(184) 6
(185) 1
(186) 6
(187) 4
(188) 3
(189) 5
(190) 4
(191) 5
(192) 4
(193) 6
(194) 6
(195) 4
(196) 5
(197) 4
(198) 4
(199) 7
(200) 5
(201) 2
(202) 3
(203) 2
(204) 6
(205) 3
(206) 2
(207) 4
(208) 4
(209) 2
(210) 4
(211) 5
(212) 5
(213) 5
(214) 5
(215) 2
(216) 3
(217) 7
(218) 4
(219) 3
(220) 6
(221) 2
(222) 2
(223) 7
(224) 5
(225) 2
(226) 11
(227) 9
(228) 5
(229) 4
(230) 4
(231) 2
(232) 6
(233) 4
(234) 7
(235) 2
(236) 5
(237) 9
(238) 7
(239) 2
(240) 4
(241) 8
(242) 6
(243) 7
(244) 2
(245) 4
(246) 5
(247) 7
(248) 6
(249) 5
(250) 5
(251) 5
(252) 3
(253) 2
(254) 4
(255) 4
(256) 3
(257) 5
(259) 4
(260) 6
(261) 6
(262) 5
(263) 6
(264) 4
(265) 1
(266) 7
(267) 10
(268) 6
(269) 4
(270) 11
(271) 2
(272) 6
(273) 11
(274) 5
(275) 5
(276) 10
(277) 13
(278) 7
(279) 7
(280) 5
(281) 7
(282) 4
(283) 7
(284) 4
(285) 4
(286) 4
(287) 7
(288) 6
(289) 5
(290) 3
(291) 8
(292) 4
(293) 7
(294) 11
(295) 10
(296) 5
(297) 6
(298) 7
(299) 9
(300) 5
(301) 12
(302) 8
(303) 6
(304) 6
(305) 3
(306) 6
(307) 6
(308) 3
(309) 5
(310) 4
(311) 7
(312) 9
(313) 8
(314) 9
(315) 7
(316) 6
(317) 3
(318) 5
(319) 13
(320) 4
(321) 10
(322) 12
(323) 12
(324) 11
(325) 10
(326) 10
(327) 10
(328) 11
(329) 7
(330) 16
(331) 9
(332) 12
(333) 15
(334) 10
(335) 9
(336) 8
(337) 14
(338) 13
(339) 16
(340) 9
(341) 9
(342) 13
(343) 12
(344) 18
(345) 13
(346) 11
(347) 17
(348) 15
(349) 15
(350) 18
(351) 21
(352) 17
(353) 23
(354) 18
(355) 12
(356) 18
(357) 24
(358) 26
(359) 25
(360) 15
(361) 20
(362) 28
(363) 26
(364) 24
(365) 35
(366) 29
(367) 37
(368) 35
(369) 36
(370) 31
(371) 37
(372) 40
(373) 27
(374) 26
(375) 28
(376) 25
(377) 27
(378) 33
(379) 37
(380) 46
(381) 30
(382) 30
(383) 36
(384) 28
(385) 42
(386) 39
(387) 45
(388) 31
(389) 36
(390) 47
(391) 32
(392) 49
(393) 46
(394) 40
(395) 34
(396) 39
(397) 24
(398) 39
(399) 39
(400) 31
(401) 41
(402) 43
(403) 35
(404) 33
(405) 33
(406) 27
(407) 28
(408) 40
(409) 27
(410) 31
(411) 31
(412) 28
(413) 33
(414) 24
(415) 34
(416) 36
(417) 33
(418) 36
(419) 37
(420) 32
(421) 35
(422) 34
(423) 33
(424) 31
(425) 27
(426) 29
(427) 37
(428) 33
(429) 32
(430) 24
(431) 31
(432) 34
(433) 30
(434) 33
(435) 31
(436) 34
(437) 40
(438) 25
(439) 30
(440) 27
(441) 27
(442) 44
(443) 22
(444) 24
(445) 25
(446) 26
(447) 36
(448) 23
(449) 27
(450) 29
(451) 15
(452) 23
(453) 27
(454) 30
(455) 27
(456) 30
(457) 17
(458) 25
(459) 29
(460) 23
(461) 20
(462) 27
(463) 33
(464) 29
(465) 27
(466) 23
(467) 20
(468) 20
(469) 21
(470) 20
(471) 31
(472) 21
(473) 30
(474) 27
(475) 15
(476) 22
(477) 19
(478) 24
(479) 27
(480) 14
(481) 14
(482) 25
(483) 27
(484) 20
(485) 19
(486) 20
(487) 21
(488) 16
(489) 22
(490) 25
(491) 19
(492) 22
(493) 16
(494) 30
(495) 17
(496) 17
(497) 13
(498) 14
(499) 17
(500) 20
(501) 19
(502) 20
(503) 15
(504) 14
(505) 24
(506) 16
(507) 21
(508) 20
(509) 17
(510) 15
(511) 14
(512) 19
(513) 7
(514) 19
(515) 11
(516) 10
(517) 10
(518) 15
(519) 12
(520) 9
(521) 11
(522) 16
(523) 8
(524) 7
(525) 10
(526) 6
(527) 10
(528) 8
(529) 4
(530) 7
(531) 8
(532) 9
(533) 11
(534) 4
(535) 6
(536) 1
(537) 8
(538) 11
(539) 7
(540) 3
(541) 6
(542) 4
(543) 8
(544) 7
(545) 3
(546) 3
(547) 7
(548) 8
(549) 4
(550) 1
(551) 3
(552) 3
(553) 4
(554) 2
(556) 2
(557) 2
(558) 3
(560) 2
(561) 1
(562) 1
(564) 2
(565) 1
(566) 1
(568) 2
(569) 2
(570) 3
(572) 1
(573) 2
(574) 2
(575) 1
(577) 1
(578) 1
(579) 1
(580) 1
(582) 2
(585) 1
(586) 2
(589) 2
(590) 1
(593) 2
(597) 1
(598) 1
(599) 1
(600) 2
(603) 1
(604) 1
(605) 2
(607) 2
(609) 1
(611) 1
(612) 1
(613) 2
(615) 3
(616) 2
(617) 1
(618) 1
(621) 1
(622) 1
(623) 2
(627) 1
(632) 1
(638) 1
(641) 1
(644) 1
(646) 1
(650) 1
(655) 1
(662) 1
(671) 1
(713) 1
(721) 1
(740) 1
(783) 1
(813) 1
(1066) 1
(1532) 1
(1904) 1
(-1) -1
