"quadD_15" (4096)
Sun Jun  3 02:23:22 2007
 2
1 long 
("nero.quadrantD.14.energy")
(0 4095) 
--------------------------------------------
(96) 733
(97) 595
(98) 437
(99) 333
(100) 251
(101) 184
(102) 126
(103) 97
(104) 90
(105) 59
(106) 43
(107) 37
(108) 31
(109) 20
(110) 16
(111) 17
(112) 7
(113) 7
(114) 9
(115) 4
(116) 3
(117) 2
(118) 5
(119) 6
(120) 2
(121) 2
(122) 1
(124) 1
(125) 1
(126) 2
(127) 2
(128) 1
(129) 3
(130) 1
(131) 1
(132) 2
(134) 1
(135) 2
(136) 2
(137) 2
(138) 1
(139) 1
(140) 2
(141) 2
(142) 1
(143) 5
(144) 1
(146) 2
(147) 1
(148) 2
(149) 1
(150) 1
(151) 6
(152) 1
(153) 2
(154) 1
(155) 2
(156) 2
(157) 1
(158) 1
(159) 1
(160) 1
(161) 2
(162) 3
(163) 2
(164) 5
(165) 2
(166) 3
(167) 4
(168) 2
(170) 3
(171) 5
(172) 1
(173) 2
(174) 2
(175) 5
(176) 2
(177) 4
(178) 6
(179) 2
(180) 4
(181) 2
(182) 5
(183) 4
(184) 3
(185) 3
(186) 3
(187) 5
(188) 3
(189) 4
(190) 2
(191) 3
(192) 4
(193) 2
(194) 2
(195) 3
(196) 2
(197) 1
(198) 2
(199) 5
(200) 4
(201) 4
(202) 3
(203) 4
(204) 7
(205) 5
(206) 2
(207) 7
(208) 4
(209) 2
(210) 4
(211) 4
(212) 2
(213) 4
(215) 3
(216) 1
(217) 2
(218) 3
(219) 2
(220) 4
(221) 1
(222) 5
(223) 2
(224) 1
(225) 1
(226) 2
(227) 4
(228) 5
(229) 1
(230) 3
(231) 6
(232) 1
(233) 4
(234) 6
(235) 2
(236) 1
(237) 6
(238) 4
(239) 3
(240) 6
(241) 4
(242) 2
(243) 2
(244) 5
(245) 7
(246) 1
(247) 6
(248) 1
(249) 3
(250) 3
(251) 3
(252) 3
(253) 4
(254) 5
(255) 3
(256) 3
(257) 6
(258) 1
(259) 3
(260) 3
(261) 2
(262) 3
(263) 4
(264) 2
(265) 5
(266) 5
(267) 3
(268) 3
(270) 4
(271) 4
(272) 1
(273) 7
(274) 5
(275) 5
(276) 7
(277) 6
(278) 8
(279) 6
(280) 3
(281) 5
(282) 3
(283) 6
(284) 3
(285) 5
(286) 10
(287) 4
(288) 5
(289) 3
(290) 4
(291) 7
(292) 5
(293) 7
(294) 8
(295) 3
(296) 3
(297) 6
(298) 3
(299) 4
(300) 8
(301) 6
(302) 5
(303) 4
(304) 8
(305) 6
(306) 4
(307) 6
(308) 5
(309) 7
(310) 8
(311) 3
(312) 5
(313) 10
(314) 9
(315) 3
(316) 3
(317) 10
(318) 8
(319) 6
(320) 5
(321) 2
(322) 14
(323) 4
(324) 5
(325) 6
(326) 5
(327) 7
(328) 10
(329) 11
(330) 2
(331) 6
(332) 9
(333) 7
(334) 15
(335) 10
(336) 8
(337) 8
(338) 11
(339) 8
(340) 5
(341) 5
(342) 6
(343) 14
(344) 9
(345) 11
(346) 8
(347) 10
(348) 12
(349) 6
(350) 5
(351) 4
(352) 11
(353) 6
(354) 13
(355) 5
(356) 11
(357) 12
(358) 8
(359) 8
(360) 14
(361) 13
(362) 14
(363) 18
(364) 12
(365) 22
(366) 14
(367) 15
(368) 15
(369) 9
(370) 13
(371) 9
(372) 19
(373) 12
(374) 19
(375) 21
(376) 15
(377) 17
(378) 24
(379) 20
(380) 14
(381) 25
(382) 23
(383) 25
(384) 21
(385) 24
(386) 28
(387) 28
(388) 27
(389) 28
(390) 30
(391) 41
(392) 36
(393) 33
(394) 30
(395) 45
(396) 35
(397) 34
(398) 37
(399) 41
(400) 51
(401) 47
(402) 44
(403) 37
(404) 45
(405) 39
(406) 51
(407) 52
(408) 56
(409) 42
(410) 52
(411) 48
(412) 56
(413) 51
(414) 44
(415) 63
(416) 45
(417) 43
(418) 55
(419) 62
(420) 61
(421) 59
(422) 39
(423) 40
(424) 57
(425) 49
(426) 49
(427) 51
(428) 47
(429) 59
(430) 52
(431) 54
(432) 59
(433) 57
(434) 53
(435) 48
(436) 41
(437) 46
(438) 54
(439) 55
(440) 53
(441) 42
(442) 55
(443) 58
(444) 36
(445) 55
(446) 52
(447) 48
(448) 51
(449) 43
(450) 50
(451) 56
(452) 40
(453) 54
(454) 47
(455) 48
(456) 52
(457) 57
(458) 35
(459) 45
(460) 42
(461) 45
(462) 40
(463) 43
(464) 55
(465) 45
(466) 51
(467) 43
(468) 58
(469) 47
(470) 43
(471) 45
(472) 28
(473) 44
(474) 37
(475) 54
(476) 41
(477) 33
(478) 45
(479) 35
(480) 41
(481) 48
(482) 45
(483) 46
(484) 37
(485) 33
(486) 34
(487) 49
(488) 36
(489) 45
(490) 33
(491) 35
(492) 24
(493) 32
(494) 39
(495) 33
(496) 37
(497) 42
(498) 33
(499) 32
(500) 37
(501) 26
(502) 48
(503) 34
(504) 36
(505) 35
(506) 31
(507) 35
(508) 35
(509) 38
(510) 30
(511) 24
(512) 35
(513) 23
(514) 17
(515) 36
(516) 34
(517) 33
(518) 25
(519) 29
(520) 15
(521) 22
(522) 35
(523) 24
(524) 28
(525) 25
(526) 16
(527) 34
(528) 19
(529) 30
(530) 23
(531) 30
(532) 14
(533) 19
(534) 22
(535) 22
(536) 25
(537) 21
(538) 14
(539) 14
(540) 21
(541) 18
(542) 23
(543) 14
(544) 21
(545) 18
(546) 22
(547) 22
(548) 17
(549) 14
(550) 21
(551) 20
(552) 26
(553) 15
(554) 14
(555) 19
(556) 14
(557) 18
(558) 15
(559) 11
(560) 12
(561) 17
(562) 14
(563) 15
(564) 10
(565) 13
(566) 10
(567) 13
(568) 15
(569) 17
(570) 12
(571) 12
(572) 12
(573) 11
(574) 12
(575) 6
(576) 4
(577) 9
(578) 11
(579) 10
(580) 11
(581) 3
(582) 7
(583) 6
(584) 8
(585) 3
(586) 1
(587) 5
(588) 2
(589) 5
(590) 1
(591) 3
(592) 3
(593) 3
(594) 2
(595) 3
(596) 4
(597) 1
(598) 2
(600) 4
(601) 2
(602) 4
(603) 4
(604) 3
(605) 4
(606) 4
(607) 2
(609) 2
(611) 2
(612) 1
(613) 1
(614) 1
(615) 3
(616) 2
(617) 1
(619) 1
(620) 1
(621) 1
(622) 1
(623) 2
(624) 1
(625) 1
(626) 1
(627) 1
(628) 1
(629) 1
(630) 2
(632) 1
(633) 1
(635) 1
(638) 1
(640) 2
(641) 1
(642) 1
(644) 2
(645) 2
(647) 3
(648) 3
(650) 2
(651) 1
(652) 1
(654) 3
(657) 1
(658) 1
(660) 1
(661) 3
(663) 2
(664) 2
(665) 1
(668) 2
(669) 2
(672) 1
(673) 1
(674) 1
(675) 1
(676) 1
(678) 2
(679) 2
(681) 1
(682) 2
(684) 1
(691) 2
(694) 2
(696) 1
(699) 1
(702) 2
(733) 1
(736) 1
(746) 1
(763) 1
(802) 1
(808) 1
(839) 1
(841) 1
(852) 1
(862) 1
(914) 1
(943) 1
(948) 1
(1020) 1
(1045) 1
(1084) 1
(1129) 1
(1130) 1
(1235) 1
(1536) 1
(1635) 1
(-1) -1
