"quadD_13" (4096)
Sun Jun  3 02:23:12 2007
 2
1 long 
("nero.quadrantD.12.energy")
(0 4095) 
--------------------------------------------
(80) 18147
(81) 16207
(82) 14149
(83) 12227
(84) 10757
(85) 9518
(86) 8188
(87) 7068
(88) 6141
(89) 4856
(90) 4304
(91) 3531
(92) 2858
(93) 2221
(94) 1918
(95) 1461
(96) 1153
(97) 945
(98) 725
(99) 556
(100) 417
(101) 319
(102) 254
(103) 203
(104) 148
(105) 102
(106) 87
(107) 75
(108) 37
(109) 45
(110) 31
(111) 20
(112) 13
(113) 9
(114) 11
(115) 8
(116) 3
(117) 6
(118) 5
(119) 3
(120) 6
(121) 4
(122) 3
(123) 3
(124) 2
(125) 2
(126) 1
(127) 1
(129) 1
(130) 1
(131) 2
(133) 1
(135) 2
(136) 4
(137) 3
(138) 4
(139) 2
(140) 1
(141) 2
(142) 2
(143) 2
(145) 2
(146) 1
(147) 2
(148) 3
(149) 2
(150) 4
(151) 4
(152) 6
(153) 3
(154) 2
(155) 1
(156) 7
(157) 2
(158) 6
(159) 4
(160) 3
(161) 6
(162) 6
(163) 3
(164) 3
(165) 2
(166) 2
(168) 9
(169) 2
(170) 7
(171) 5
(172) 8
(173) 4
(174) 3
(175) 5
(176) 2
(177) 3
(178) 3
(179) 4
(180) 3
(181) 5
(182) 3
(183) 2
(184) 4
(185) 4
(186) 6
(187) 6
(188) 2
(189) 6
(191) 6
(192) 2
(193) 5
(194) 3
(195) 5
(196) 3
(197) 3
(198) 3
(199) 6
(200) 1
(201) 1
(202) 5
(203) 3
(204) 5
(205) 1
(206) 3
(207) 1
(208) 2
(209) 3
(210) 1
(212) 5
(213) 2
(215) 6
(216) 6
(217) 4
(218) 5
(219) 6
(220) 3
(221) 4
(222) 6
(223) 6
(224) 6
(225) 8
(226) 7
(227) 1
(228) 3
(229) 5
(230) 3
(231) 6
(232) 6
(233) 3
(234) 6
(235) 4
(236) 4
(237) 4
(238) 3
(239) 3
(240) 3
(241) 5
(242) 6
(243) 1
(244) 1
(245) 6
(246) 3
(247) 7
(248) 5
(249) 3
(250) 6
(251) 5
(252) 8
(253) 6
(254) 4
(255) 4
(256) 3
(257) 5
(258) 6
(259) 6
(260) 6
(261) 1
(262) 3
(263) 2
(264) 7
(265) 3
(266) 3
(267) 2
(268) 3
(269) 3
(270) 6
(271) 4
(272) 5
(273) 8
(274) 10
(275) 6
(276) 7
(277) 7
(278) 7
(279) 8
(280) 5
(281) 6
(282) 6
(283) 3
(284) 5
(285) 6
(286) 3
(287) 7
(288) 8
(289) 12
(290) 5
(291) 9
(292) 8
(293) 6
(294) 5
(295) 7
(296) 7
(297) 6
(298) 11
(299) 11
(300) 4
(301) 8
(302) 7
(303) 8
(304) 9
(305) 4
(306) 9
(307) 7
(308) 6
(309) 7
(310) 8
(311) 8
(312) 8
(313) 6
(314) 5
(315) 5
(316) 9
(317) 5
(318) 8
(319) 6
(320) 14
(321) 7
(322) 9
(323) 8
(324) 10
(325) 10
(326) 5
(327) 8
(328) 14
(329) 13
(330) 13
(331) 11
(332) 17
(333) 9
(334) 13
(335) 13
(336) 13
(337) 7
(338) 14
(339) 17
(340) 15
(341) 16
(342) 15
(343) 13
(344) 12
(345) 12
(346) 10
(347) 16
(348) 16
(349) 16
(350) 12
(351) 16
(352) 27
(353) 21
(354) 17
(355) 16
(356) 24
(357) 21
(358) 27
(359) 24
(360) 16
(361) 28
(362) 31
(363) 29
(364) 31
(365) 29
(366) 34
(367) 31
(368) 35
(369) 33
(370) 41
(371) 42
(372) 50
(373) 41
(374) 57
(375) 47
(376) 47
(377) 56
(378) 48
(379) 56
(380) 36
(381) 50
(382) 62
(383) 61
(384) 48
(385) 50
(386) 54
(387) 58
(388) 65
(389) 66
(390) 58
(391) 58
(392) 58
(393) 68
(394) 55
(395) 54
(396) 58
(397) 55
(398) 73
(399) 67
(400) 55
(401) 69
(402) 66
(403) 55
(404) 73
(405) 62
(406) 56
(407) 79
(408) 64
(409) 64
(410) 60
(411) 73
(412) 62
(413) 65
(414) 56
(415) 69
(416) 65
(417) 63
(418) 54
(419) 52
(420) 65
(421) 60
(422) 61
(423) 50
(424) 51
(425) 60
(426) 71
(427) 56
(428) 53
(429) 50
(430) 40
(431) 62
(432) 59
(433) 59
(434) 45
(435) 50
(436) 46
(437) 56
(438) 51
(439) 48
(440) 40
(441) 62
(442) 45
(443) 56
(444) 59
(445) 43
(446) 56
(447) 40
(448) 46
(449) 48
(450) 56
(451) 60
(452) 40
(453) 56
(454) 55
(455) 62
(456) 54
(457) 39
(458) 45
(459) 37
(460) 38
(461) 51
(462) 56
(463) 35
(464) 47
(465) 40
(466) 48
(467) 41
(468) 41
(469) 51
(470) 48
(471) 39
(472) 35
(473) 45
(474) 54
(475) 41
(476) 44
(477) 29
(478) 48
(479) 43
(480) 39
(481) 37
(482) 36
(483) 47
(484) 37
(485) 38
(486) 50
(487) 39
(488) 31
(489) 34
(490) 36
(491) 34
(492) 39
(493) 31
(494) 26
(495) 38
(496) 27
(497) 31
(498) 24
(499) 32
(500) 33
(501) 38
(502) 28
(503) 23
(504) 30
(505) 23
(506) 25
(507) 33
(508) 21
(509) 32
(510) 32
(511) 28
(512) 21
(513) 30
(514) 29
(515) 22
(516) 27
(517) 24
(518) 19
(519) 29
(520) 28
(521) 27
(522) 25
(523) 18
(524) 29
(525) 23
(526) 20
(527) 24
(528) 17
(529) 27
(530) 17
(531) 20
(532) 18
(533) 26
(534) 18
(535) 20
(536) 16
(537) 13
(538) 12
(539) 16
(540) 21
(541) 15
(542) 12
(543) 7
(544) 14
(545) 11
(546) 6
(547) 14
(548) 11
(549) 12
(550) 15
(551) 6
(552) 9
(553) 11
(554) 2
(555) 10
(556) 5
(557) 10
(558) 7
(559) 7
(560) 6
(561) 6
(562) 1
(563) 4
(564) 3
(565) 8
(566) 3
(567) 1
(568) 2
(569) 4
(570) 1
(571) 1
(572) 2
(574) 5
(575) 3
(576) 3
(577) 2
(578) 2
(579) 2
(580) 1
(581) 1
(583) 1
(584) 2
(585) 4
(587) 1
(588) 2
(590) 3
(591) 2
(592) 2
(593) 1
(595) 1
(597) 1
(598) 5
(599) 3
(601) 1
(602) 3
(603) 2
(605) 5
(606) 1
(608) 2
(609) 2
(610) 4
(613) 2
(614) 3
(615) 1
(616) 2
(618) 3
(619) 1
(620) 1
(621) 1
(622) 2
(623) 3
(624) 2
(627) 1
(628) 1
(629) 1
(630) 1
(633) 1
(634) 1
(635) 2
(636) 1
(638) 1
(641) 1
(642) 2
(643) 3
(646) 1
(647) 1
(649) 1
(650) 2
(651) 1
(653) 1
(654) 1
(655) 2
(656) 1
(658) 2
(660) 2
(664) 1
(665) 1
(668) 1
(675) 1
(685) 1
(723) 1
(782) 1
(786) 1
(787) 1
(797) 1
(807) 1
(813) 1
(816) 1
(831) 1
(855) 1
(876) 1
(913) 1
(937) 1
(967) 1
(993) 1
(995) 1
(1021) 1
(1084) 1
(1103) 1
(1463) 1
(-1) -1
