"quadD_14" (4096)
Sun Jun  3 02:23:17 2007
 2
1 long 
("nero.quadrantD.13.energy")
(0 4095) 
--------------------------------------------
(112) 20339
(113) 18497
(114) 16919
(115) 15190
(116) 13264
(117) 11509
(118) 9878
(119) 8565
(120) 7307
(121) 6211
(122) 5184
(123) 4190
(124) 3580
(125) 3135
(126) 2550
(127) 2077
(128) 1712
(129) 1380
(130) 1182
(131) 924
(132) 710
(133) 555
(134) 430
(135) 297
(136) 249
(137) 205
(138) 149
(139) 112
(140) 89
(141) 74
(142) 55
(143) 47
(144) 29
(145) 18
(146) 19
(147) 9
(148) 9
(149) 10
(150) 3
(151) 6
(152) 6
(153) 5
(154) 2
(155) 3
(156) 4
(157) 4
(158) 4
(159) 1
(160) 2
(161) 2
(164) 2
(165) 2
(166) 3
(167) 1
(168) 2
(169) 2
(171) 2
(173) 3
(174) 1
(175) 1
(176) 4
(178) 1
(179) 1
(181) 3
(182) 4
(183) 3
(184) 6
(185) 2
(186) 2
(187) 1
(188) 1
(189) 3
(190) 2
(191) 4
(193) 2
(194) 4
(195) 4
(196) 2
(197) 4
(198) 4
(199) 1
(200) 1
(201) 4
(202) 6
(203) 2
(204) 2
(205) 2
(206) 4
(207) 3
(208) 2
(209) 2
(210) 4
(211) 1
(212) 3
(213) 3
(214) 3
(215) 2
(216) 6
(217) 6
(218) 1
(219) 1
(220) 1
(221) 3
(223) 5
(224) 4
(225) 2
(226) 2
(228) 4
(230) 6
(232) 2
(233) 4
(234) 1
(235) 8
(236) 2
(237) 2
(238) 3
(239) 5
(240) 3
(241) 1
(242) 1
(243) 3
(244) 4
(245) 7
(246) 3
(247) 2
(248) 5
(249) 5
(250) 5
(251) 5
(252) 5
(254) 5
(255) 2
(256) 5
(257) 3
(258) 5
(259) 3
(260) 6
(261) 4
(262) 1
(263) 2
(264) 7
(265) 1
(266) 2
(267) 9
(268) 2
(269) 1
(270) 4
(271) 11
(272) 5
(273) 4
(274) 3
(275) 4
(276) 1
(277) 3
(278) 5
(279) 4
(281) 3
(282) 3
(283) 5
(284) 6
(285) 2
(286) 4
(287) 4
(288) 1
(289) 4
(290) 3
(291) 2
(292) 5
(293) 5
(294) 7
(295) 5
(296) 3
(297) 4
(298) 5
(299) 1
(300) 4
(301) 4
(302) 4
(303) 7
(304) 3
(305) 4
(306) 7
(307) 9
(308) 4
(310) 8
(311) 3
(312) 8
(313) 7
(314) 6
(315) 7
(316) 5
(317) 9
(318) 11
(319) 4
(320) 6
(321) 5
(322) 4
(323) 8
(324) 6
(325) 7
(326) 4
(327) 10
(328) 5
(329) 7
(330) 12
(331) 6
(332) 6
(333) 7
(334) 5
(335) 8
(336) 7
(337) 7
(338) 7
(339) 8
(340) 6
(341) 10
(342) 6
(343) 7
(344) 5
(345) 11
(346) 5
(347) 6
(348) 8
(349) 5
(350) 7
(351) 6
(352) 8
(353) 5
(354) 4
(355) 8
(356) 4
(357) 8
(358) 2
(359) 9
(360) 7
(361) 14
(362) 12
(363) 11
(364) 7
(365) 5
(366) 6
(367) 11
(368) 7
(369) 3
(370) 10
(371) 6
(372) 8
(373) 12
(374) 9
(375) 6
(376) 9
(377) 11
(378) 18
(379) 9
(380) 8
(381) 10
(382) 10
(383) 9
(384) 8
(385) 10
(386) 7
(387) 9
(388) 13
(389) 12
(390) 11
(391) 11
(392) 15
(393) 14
(394) 10
(395) 11
(396) 11
(397) 12
(398) 9
(399) 10
(400) 20
(401) 13
(402) 14
(403) 20
(404) 17
(405) 17
(406) 16
(407) 22
(408) 17
(409) 20
(410) 13
(411) 21
(412) 26
(413) 21
(414) 21
(415) 19
(416) 22
(417) 38
(418) 30
(419) 33
(420) 22
(421) 34
(422) 28
(423) 30
(424) 28
(425) 27
(426) 39
(427) 43
(428) 41
(429) 41
(430) 36
(431) 53
(432) 50
(433) 45
(434) 44
(435) 40
(436) 49
(437) 37
(438) 57
(439) 57
(440) 45
(441) 53
(442) 42
(443) 38
(444) 45
(445) 57
(446) 47
(447) 46
(448) 60
(449) 71
(450) 58
(451) 51
(452) 51
(453) 69
(454) 54
(455) 62
(456) 54
(457) 51
(458) 69
(459) 60
(460) 57
(461) 51
(462) 67
(463) 54
(464) 59
(465) 53
(466) 50
(467) 51
(468) 50
(469) 52
(470) 52
(471) 62
(472) 55
(473) 57
(474) 45
(475) 73
(476) 53
(477) 52
(478) 44
(479) 56
(480) 51
(481) 51
(482) 62
(483) 54
(484) 71
(485) 50
(486) 54
(487) 60
(488) 42
(489) 36
(490) 42
(491) 52
(492) 57
(493) 59
(494) 35
(495) 40
(496) 33
(497) 49
(498) 37
(499) 55
(500) 37
(501) 39
(502) 57
(503) 32
(504) 40
(505) 37
(506) 49
(507) 59
(508) 42
(509) 38
(510) 47
(511) 47
(512) 44
(513) 34
(514) 50
(515) 42
(516) 37
(517) 38
(518) 35
(519) 32
(520) 32
(521) 44
(522) 54
(523) 29
(524) 35
(525) 47
(526) 40
(527) 35
(528) 32
(529) 39
(530) 37
(531) 36
(532) 26
(533) 42
(534) 41
(535) 36
(536) 40
(537) 43
(538) 38
(539) 30
(540) 34
(541) 29
(542) 36
(543) 25
(544) 34
(545) 35
(546) 24
(547) 30
(548) 44
(549) 40
(550) 36
(551) 32
(552) 30
(553) 32
(554) 32
(555) 27
(556) 39
(557) 26
(558) 32
(559) 37
(560) 28
(561) 26
(562) 20
(563) 39
(564) 28
(565) 20
(566) 21
(567) 25
(568) 28
(569) 39
(570) 30
(571) 23
(572) 24
(573) 23
(574) 28
(575) 20
(576) 24
(577) 26
(578) 21
(579) 23
(580) 18
(581) 18
(582) 21
(583) 15
(584) 17
(585) 24
(586) 24
(587) 30
(588) 12
(589) 19
(590) 13
(591) 21
(592) 25
(593) 23
(594) 22
(595) 17
(596) 20
(597) 15
(598) 19
(599) 13
(600) 9
(601) 12
(602) 21
(603) 16
(604) 18
(605) 12
(606) 8
(607) 12
(608) 5
(609) 19
(610) 14
(611) 8
(612) 11
(613) 10
(614) 15
(615) 14
(616) 11
(617) 11
(618) 5
(619) 9
(620) 6
(621) 5
(622) 5
(623) 7
(624) 6
(625) 3
(626) 7
(627) 3
(628) 2
(629) 4
(630) 6
(631) 3
(632) 4
(633) 3
(634) 2
(635) 2
(636) 4
(637) 2
(639) 2
(640) 2
(641) 2
(643) 2
(644) 1
(645) 3
(646) 2
(647) 5
(648) 1
(649) 3
(650) 3
(651) 4
(652) 2
(653) 1
(654) 3
(655) 3
(657) 1
(658) 2
(659) 2
(660) 4
(661) 4
(662) 1
(663) 1
(664) 2
(665) 2
(666) 1
(667) 4
(668) 2
(670) 1
(671) 1
(673) 2
(675) 2
(676) 1
(677) 1
(679) 1
(681) 3
(682) 1
(683) 1
(684) 1
(685) 3
(687) 1
(690) 1
(692) 3
(694) 1
(695) 1
(697) 1
(698) 1
(699) 1
(700) 1
(702) 2
(703) 1
(704) 2
(705) 2
(707) 1
(709) 1
(710) 1
(711) 1
(713) 2
(716) 1
(721) 2
(722) 3
(728) 2
(729) 2
(731) 2
(733) 1
(734) 1
(741) 1
(744) 1
(746) 1
(755) 2
(772) 1
(783) 1
(788) 1
(826) 1
(851) 1
(891) 1
(985) 1
(1017) 1
(1043) 1
(1114) 1
(1124) 1
(1892) 1
(1949) 1
(-1) -1
